 200.00000 1.571094702E+00
 201.00000 1.570986895E+00
 202.00000 1.570878374E+00
 203.00000 1.570769134E+00
 204.00000 1.570659174E+00
 205.00000 1.570548491E+00
 206.00000 1.570437080E+00
 207.00000 1.570324939E+00
 208.00000 1.570212065E+00
 209.00000 1.570098455E+00
 210.00000 1.569984106E+00
 211.00000 1.569869013E+00
 212.00000 1.569753175E+00
 213.00000 1.569636588E+00
 214.00000 1.569519248E+00
 215.00000 1.569401152E+00
 216.00000 1.569282298E+00
 217.00000 1.569162680E+00
 218.00000 1.569042297E+00
 219.00000 1.568921145E+00
 220.00000 1.568799219E+00
 221.00000 1.568676518E+00
 222.00000 1.568553037E+00
 223.00000 1.568428772E+00
 224.00000 1.568303720E+00
 225.00000 1.568177878E+00
 226.00000 1.568051242E+00
 227.00000 1.567923808E+00
 228.00000 1.567795573E+00
 229.00000 1.567666532E+00
 230.00000 1.567536682E+00
 231.00000 1.567406020E+00
 232.00000 1.567274541E+00
 233.00000 1.567142242E+00
 234.00000 1.567009119E+00
 235.00000 1.566875167E+00
 236.00000 1.566740384E+00
 237.00000 1.566604764E+00
 238.00000 1.566468304E+00
 239.00000 1.566331001E+00
 240.00000 1.566192849E+00
 241.00000 1.566053845E+00
 242.00000 1.565913984E+00
 243.00000 1.565773264E+00
 244.00000 1.565631678E+00
 245.00000 1.565489224E+00
 246.00000 1.565345896E+00
 247.00000 1.565201691E+00
 248.00000 1.565056604E+00
 249.00000 1.564910631E+00
 250.00000 1.564763767E+00
 251.00000 1.564616008E+00
 252.00000 1.564467350E+00
 253.00000 1.564317788E+00
 254.00000 1.564167317E+00
 255.00000 1.564015933E+00
 256.00000 1.563863632E+00
 257.00000 1.563710408E+00
 258.00000 1.563556256E+00
 259.00000 1.563401173E+00
 260.00000 1.563245154E+00
 261.00000 1.563088193E+00
 262.00000 1.562930285E+00
 263.00000 1.562771427E+00
 264.00000 1.562611612E+00
 265.00000 1.562450837E+00
 266.00000 1.562289095E+00
 267.00000 1.562126382E+00
 268.00000 1.561962693E+00
 269.00000 1.561798023E+00
 270.00000 1.561632366E+00
 271.00000 1.561465718E+00
 272.00000 1.561298072E+00
 273.00000 1.561129424E+00
 274.00000 1.560959769E+00
 275.00000 1.560789101E+00
 276.00000 1.560617414E+00
 277.00000 1.560444703E+00
 278.00000 1.560270963E+00
 279.00000 1.560096188E+00
 280.00000 1.559920373E+00
 281.00000 1.559743511E+00
 282.00000 1.559565597E+00
 283.00000 1.559386626E+00
 284.00000 1.559206591E+00
 285.00000 1.559025487E+00
 286.00000 1.558843308E+00
 287.00000 1.558660048E+00
 288.00000 1.558475700E+00
 289.00000 1.558290260E+00
 290.00000 1.558103720E+00
 291.00000 1.557916075E+00
 292.00000 1.557727318E+00
 293.00000 1.557537444E+00
 294.00000 1.557346446E+00
 295.00000 1.557154317E+00
 296.00000 1.556961052E+00
 297.00000 1.556766643E+00
 298.00000 1.556571085E+00
 299.00000 1.556374371E+00
 300.00000 1.556176494E+00
 301.00000 1.555977447E+00
 302.00000 1.555777225E+00
 303.00000 1.555575819E+00
 304.00000 1.555373224E+00
 305.00000 1.555169433E+00
 306.00000 1.554964438E+00
 307.00000 1.554758232E+00
 308.00000 1.554550809E+00
 309.00000 1.554342161E+00
 310.00000 1.554132282E+00
 311.00000 1.553921163E+00
 312.00000 1.553708799E+00
 313.00000 1.553495181E+00
 314.00000 1.553280301E+00
 315.00000 1.553064154E+00
 316.00000 1.552846730E+00
 317.00000 1.552628024E+00
 318.00000 1.552408025E+00
 319.00000 1.552186729E+00
 320.00000 1.551964125E+00
 321.00000 1.551740207E+00
 322.00000 1.551514967E+00
 323.00000 1.551288396E+00
 324.00000 1.551060487E+00
 325.00000 1.550831232E+00
 326.00000 1.550600622E+00
 327.00000 1.550368649E+00
 328.00000 1.550135305E+00
 329.00000 1.549900582E+00
 330.00000 1.549664471E+00
 331.00000 1.549426963E+00
 332.00000 1.549188051E+00
 333.00000 1.548947725E+00
 334.00000 1.548705976E+00
 335.00000 1.548462796E+00
 336.00000 1.548218177E+00
 337.00000 1.547972108E+00
 338.00000 1.547724581E+00
 339.00000 1.547475588E+00
 340.00000 1.547225118E+00
 341.00000 1.546973162E+00
 342.00000 1.546719712E+00
 343.00000 1.546464758E+00
 344.00000 1.546208290E+00
 345.00000 1.545950298E+00
 346.00000 1.545690774E+00
 347.00000 1.545429708E+00
 348.00000 1.545167088E+00
 349.00000 1.544902907E+00
 350.00000 1.544637153E+00
 351.00000 1.544369818E+00
 352.00000 1.544100889E+00
 353.00000 1.543830358E+00
 354.00000 1.543558214E+00
 355.00000 1.543284447E+00
 356.00000 1.543009046E+00
 357.00000 1.542732000E+00
 358.00000 1.542453299E+00
 359.00000 1.542172933E+00
 360.00000 1.541890890E+00
 361.00000 1.541607159E+00
 362.00000 1.541321730E+00
 363.00000 1.541034590E+00
 364.00000 1.540745730E+00
 365.00000 1.540455138E+00
 366.00000 1.540162802E+00
 367.00000 1.539868710E+00
 368.00000 1.539572852E+00
 369.00000 1.539275215E+00
 370.00000 1.538975788E+00
 371.00000 1.538674559E+00
 372.00000 1.538371515E+00
 373.00000 1.538066645E+00
 374.00000 1.537759937E+00
 375.00000 1.537451378E+00
 376.00000 1.537140955E+00
 377.00000 1.536828656E+00
 378.00000 1.536514469E+00
 379.00000 1.536198381E+00
 380.00000 1.535880379E+00
 381.00000 1.535560449E+00
 382.00000 1.535238580E+00
 383.00000 1.534914757E+00
 384.00000 1.534588967E+00
 385.00000 1.534261197E+00
 386.00000 1.533931434E+00
 387.00000 1.533599663E+00
 388.00000 1.533265872E+00
 389.00000 1.532930045E+00
 390.00000 1.532592170E+00
 391.00000 1.532252231E+00
 392.00000 1.531910215E+00
 393.00000 1.531566107E+00
 394.00000 1.531219893E+00
 395.00000 1.530871558E+00
 396.00000 1.530521088E+00
 397.00000 1.530168467E+00
 398.00000 1.529813680E+00
 399.00000 1.529456713E+00
 400.00000 1.529097550E+00
 401.00000 1.528736175E+00
 402.00000 1.528372574E+00
 403.00000 1.528006729E+00
 404.00000 1.527638627E+00
 405.00000 1.527268250E+00
 406.00000 1.526895582E+00
 407.00000 1.526520608E+00
 408.00000 1.526143310E+00
 409.00000 1.525763673E+00
 410.00000 1.525381680E+00
 411.00000 1.524997313E+00
 412.00000 1.524610556E+00
 413.00000 1.524221392E+00
 414.00000 1.523829804E+00
 415.00000 1.523435773E+00
 416.00000 1.523039283E+00
 417.00000 1.522640316E+00
 418.00000 1.522238854E+00
 419.00000 1.521834879E+00
 420.00000 1.521428372E+00
 421.00000 1.521019316E+00
 422.00000 1.520607691E+00
 423.00000 1.520193480E+00
 424.00000 1.519776663E+00
 425.00000 1.519357221E+00
 426.00000 1.518935135E+00
 427.00000 1.518510386E+00
 428.00000 1.518082954E+00
 429.00000 1.517652819E+00
 430.00000 1.517219963E+00
 431.00000 1.516784363E+00
 432.00000 1.516346002E+00
 433.00000 1.515904857E+00
 434.00000 1.515460908E+00
 435.00000 1.515014136E+00
 436.00000 1.514564518E+00
 437.00000 1.514112033E+00
 438.00000 1.513656661E+00
 439.00000 1.513198379E+00
 440.00000 1.512737167E+00
 441.00000 1.512273002E+00
 442.00000 1.511805861E+00
 443.00000 1.511335724E+00
 444.00000 1.510862567E+00
 445.00000 1.510386367E+00
 446.00000 1.509907102E+00
 447.00000 1.509424749E+00
 448.00000 1.508939285E+00
 449.00000 1.508450685E+00
 450.00000 1.507958927E+00
 451.00000 1.507463985E+00
 452.00000 1.506965837E+00
 453.00000 1.506464458E+00
 454.00000 1.505959824E+00
 455.00000 1.505451908E+00
 456.00000 1.504940688E+00
 457.00000 1.504426136E+00
 458.00000 1.503908229E+00
 459.00000 1.503386940E+00
 460.00000 1.502862243E+00
 461.00000 1.502334113E+00
 462.00000 1.501802522E+00
 463.00000 1.501267445E+00
 464.00000 1.500728855E+00
 465.00000 1.500186724E+00
 466.00000 1.499641025E+00
 467.00000 1.499091732E+00
 468.00000 1.498538815E+00
 469.00000 1.497982247E+00
 470.00000 1.497421999E+00
 471.00000 1.496858044E+00
 472.00000 1.496290353E+00
 473.00000 1.495718896E+00
 474.00000 1.495143644E+00
 475.00000 1.494564567E+00
 476.00000 1.493981637E+00
 477.00000 1.493394823E+00
 478.00000 1.492804094E+00
 479.00000 1.492209420E+00
 480.00000 1.491610770E+00
 481.00000 1.491008113E+00
 482.00000 1.490401418E+00
 483.00000 1.489790653E+00
 484.00000 1.489175786E+00
 485.00000 1.488556785E+00
 486.00000 1.487933617E+00
 487.00000 1.487306251E+00
 488.00000 1.486674651E+00
 489.00000 1.486038787E+00
 490.00000 1.485398622E+00
 491.00000 1.484754125E+00
 492.00000 1.484105260E+00
 493.00000 1.483451994E+00
 494.00000 1.482794290E+00
 495.00000 1.482132115E+00
 496.00000 1.481465433E+00
 497.00000 1.480794208E+00
 498.00000 1.480118405E+00
 499.00000 1.479437986E+00
 500.00000 1.478752915E+00
 501.00000 1.478063156E+00
 502.00000 1.477368671E+00
 503.00000 1.476669423E+00
 504.00000 1.475965374E+00
 505.00000 1.475256485E+00
 506.00000 1.474542718E+00
 507.00000 1.473824035E+00
 508.00000 1.473100396E+00
 509.00000 1.472371761E+00
 510.00000 1.471638092E+00
 511.00000 1.470899347E+00
 512.00000 1.470155487E+00
 513.00000 1.469406471E+00
 514.00000 1.468652257E+00
 515.00000 1.467892804E+00
 516.00000 1.467128071E+00
 517.00000 1.466358014E+00
 518.00000 1.465582593E+00
 519.00000 1.464801764E+00
 520.00000 1.464015483E+00
 521.00000 1.463223708E+00
 522.00000 1.462426394E+00
 523.00000 1.461623498E+00
 524.00000 1.460814975E+00
 525.00000 1.460000780E+00
 526.00000 1.459180867E+00
 527.00000 1.458355192E+00
 528.00000 1.457523708E+00
 529.00000 1.456686370E+00
 530.00000 1.455843129E+00
 531.00000 1.454993941E+00
 532.00000 1.454138756E+00
 533.00000 1.453277528E+00
 534.00000 1.452410209E+00
 535.00000 1.451536749E+00
 536.00000 1.450657101E+00
 537.00000 1.449771215E+00
 538.00000 1.448879042E+00
 539.00000 1.447980533E+00
 540.00000 1.447075635E+00
 541.00000 1.446164301E+00
 542.00000 1.445246477E+00
 543.00000 1.444322114E+00
 544.00000 1.443391160E+00
 545.00000 1.442453562E+00
 546.00000 1.441509269E+00
 547.00000 1.440558227E+00
 548.00000 1.439600385E+00
 549.00000 1.438635688E+00
 550.00000 1.437664082E+00
 551.00000 1.436685515E+00
 552.00000 1.435699931E+00
 553.00000 1.434707275E+00
 554.00000 1.433707493E+00
 555.00000 1.432700530E+00
 556.00000 1.431686329E+00
 557.00000 1.430664835E+00
 558.00000 1.429635991E+00
 559.00000 1.428599740E+00
 560.00000 1.427556026E+00
 561.00000 1.426504791E+00
 562.00000 1.425445977E+00
 563.00000 1.424379527E+00
 564.00000 1.423305382E+00
 565.00000 1.422223484E+00
 566.00000 1.421133773E+00
 567.00000 1.420036192E+00
 568.00000 1.418930679E+00
 569.00000 1.417817177E+00
 570.00000 1.416695624E+00
 571.00000 1.415565960E+00
 572.00000 1.414428125E+00
 573.00000 1.413282058E+00
 574.00000 1.412127699E+00
 575.00000 1.410964985E+00
 576.00000 1.409793856E+00
 577.00000 1.408614250E+00
 578.00000 1.407426105E+00
 579.00000 1.406229358E+00
 580.00000 1.405023948E+00
 581.00000 1.403809813E+00
 582.00000 1.402586889E+00
 583.00000 1.401355114E+00
 584.00000 1.400114425E+00
 585.00000 1.398864758E+00
 586.00000 1.397606052E+00
 587.00000 1.396338242E+00
 588.00000 1.395061265E+00
 589.00000 1.393775058E+00
 590.00000 1.392479557E+00
 591.00000 1.391174699E+00
 592.00000 1.389860421E+00
 593.00000 1.388536657E+00
 594.00000 1.387203346E+00
 595.00000 1.385860424E+00
 596.00000 1.384507826E+00
 597.00000 1.383145490E+00
 598.00000 1.381773353E+00
 599.00000 1.380391350E+00
 600.00000 1.378999420E+00
 601.00000 1.377597498E+00
 602.00000 1.376185523E+00
 603.00000 1.374763431E+00
 604.00000 1.373331160E+00
 605.00000 1.371888649E+00
 606.00000 1.370435835E+00
 607.00000 1.368972656E+00
 608.00000 1.367499052E+00
 609.00000 1.366014962E+00
 610.00000 1.364520325E+00
 611.00000 1.363015081E+00
 612.00000 1.361499171E+00
 613.00000 1.359972535E+00
 614.00000 1.358435116E+00
 615.00000 1.356886854E+00
 616.00000 1.355327693E+00
 617.00000 1.353757576E+00
 618.00000 1.352176447E+00
 619.00000 1.350584251E+00
 620.00000 1.348980932E+00
 621.00000 1.347366437E+00
 622.00000 1.345740714E+00
 623.00000 1.344103709E+00
 624.00000 1.342455373E+00
 625.00000 1.340795655E+00
 626.00000 1.339124505E+00
 627.00000 1.337441876E+00
 628.00000 1.335747722E+00
 629.00000 1.334041996E+00
 630.00000 1.332324654E+00
 631.00000 1.330595653E+00
 632.00000 1.328854951E+00
 633.00000 1.327102509E+00
 634.00000 1.325338287E+00
 635.00000 1.323562248E+00
 636.00000 1.321774356E+00
 637.00000 1.319974579E+00
 638.00000 1.318162883E+00
 639.00000 1.316339238E+00
 640.00000 1.314503617E+00
 641.00000 1.312655992E+00
 642.00000 1.310796339E+00
 643.00000 1.308924637E+00
 644.00000 1.307040865E+00
 645.00000 1.305145006E+00
 646.00000 1.303237044E+00
 647.00000 1.301316967E+00
 648.00000 1.299384765E+00
 649.00000 1.297440429E+00
 650.00000 1.295483955E+00
 651.00000 1.293515341E+00
 652.00000 1.291534589E+00
 653.00000 1.289541702E+00
 654.00000 1.287536687E+00
 655.00000 1.285519554E+00
 656.00000 1.283490318E+00
 657.00000 1.281448996E+00
 658.00000 1.279395609E+00
 659.00000 1.277330180E+00
 660.00000 1.275252738E+00
 661.00000 1.273163316E+00
 662.00000 1.271061950E+00
 663.00000 1.268948679E+00
 664.00000 1.266823549E+00
 665.00000 1.264686609E+00
 666.00000 1.262537911E+00
 667.00000 1.260377516E+00
 668.00000 1.258205484E+00
 669.00000 1.256021885E+00
 670.00000 1.253826792E+00
 671.00000 1.251620282E+00
 672.00000 1.249402439E+00
 673.00000 1.247173352E+00
 674.00000 1.244933116E+00
 675.00000 1.242681831E+00
 676.00000 1.240419604E+00
 677.00000 1.238146547E+00
 678.00000 1.235862778E+00
 679.00000 1.233568422E+00
 680.00000 1.231263612E+00
 681.00000 1.228948484E+00
 682.00000 1.226623185E+00
 683.00000 1.224287866E+00
 684.00000 1.221942687E+00
 685.00000 1.219587813E+00
 686.00000 1.217223419E+00
 687.00000 1.214849686E+00
 688.00000 1.212466804E+00
 689.00000 1.210074970E+00
 690.00000 1.207674389E+00
 691.00000 1.205265276E+00
 692.00000 1.202847851E+00
 693.00000 1.200422347E+00
 694.00000 1.197989002E+00
 695.00000 1.195548065E+00
 696.00000 1.193099794E+00
 697.00000 1.190644455E+00
 698.00000 1.188182324E+00
 699.00000 1.185713687E+00
 700.00000 1.183238840E+00
 701.00000 1.180758088E+00
 702.00000 1.178271746E+00
 703.00000 1.175780139E+00
 704.00000 1.173283604E+00
 705.00000 1.170782486E+00
 706.00000 1.168277142E+00
 707.00000 1.165767939E+00
 708.00000 1.163255257E+00
 709.00000 1.160739483E+00
 710.00000 1.158221019E+00
 711.00000 1.155700275E+00
 712.00000 1.153177675E+00
 713.00000 1.150653652E+00
 714.00000 1.148128653E+00
 715.00000 1.145603133E+00
 716.00000 1.143077562E+00
 717.00000 1.140552421E+00
 718.00000 1.138028201E+00
 719.00000 1.135505407E+00
 720.00000 1.132984554E+00
 721.00000 1.130466170E+00
 722.00000 1.127950795E+00
 723.00000 1.125438980E+00
 724.00000 1.122931289E+00
 725.00000 1.120428298E+00
 726.00000 1.117930593E+00
 727.00000 1.115438773E+00
 728.00000 1.112953450E+00
 729.00000 1.110475246E+00
 730.00000 1.108004795E+00
 731.00000 1.105542743E+00
 732.00000 1.103089748E+00
 733.00000 1.100646477E+00
 734.00000 1.098213611E+00
 735.00000 1.095791841E+00
 736.00000 1.093381867E+00
 737.00000 1.090984403E+00
 738.00000 1.088600171E+00
 739.00000 1.086229903E+00
 740.00000 1.083874343E+00
 741.00000 1.081534243E+00
 742.00000 1.079210365E+00
 743.00000 1.076903480E+00
 744.00000 1.074614369E+00
 745.00000 1.072343818E+00
 746.00000 1.070092625E+00
 747.00000 1.067861594E+00
 748.00000 1.065651536E+00
 749.00000 1.063463269E+00
 750.00000 1.061297617E+00
 751.00000 1.059155412E+00
 752.00000 1.057037489E+00
 753.00000 1.054944688E+00
 754.00000 1.052877857E+00
 755.00000 1.050837842E+00
 756.00000 1.048825498E+00
 757.00000 1.046841679E+00
 758.00000 1.044887242E+00
 759.00000 1.042963046E+00
 760.00000 1.041069951E+00
 761.00000 1.039208815E+00
 762.00000 1.037380499E+00
 763.00000 1.035585860E+00
 764.00000 1.033825754E+00
 765.00000 1.032101034E+00
 766.00000 1.030412550E+00
 767.00000 1.028761147E+00
 768.00000 1.027147666E+00
 769.00000 1.025572942E+00
 770.00000 1.024037802E+00
 771.00000 1.022543069E+00
 772.00000 1.021089553E+00
 773.00000 1.019678060E+00
 774.00000 1.018309383E+00
 775.00000 1.016984304E+00
 776.00000 1.015703596E+00
 777.00000 1.014468017E+00
 778.00000 1.013278314E+00
 779.00000 1.012135218E+00
 780.00000 1.011039446E+00
 781.00000 1.009991700E+00
 782.00000 1.008992665E+00
 783.00000 1.008043006E+00
 784.00000 1.007143375E+00
 785.00000 1.006294400E+00
 786.00000 1.005496692E+00
 787.00000 1.004750841E+00
 788.00000 1.004057414E+00
 789.00000 1.003416958E+00
 790.00000 1.002829997E+00
 791.00000 1.002297029E+00
 792.00000 1.001818531E+00
 793.00000 1.001394953E+00
 794.00000 1.001026720E+00
 795.00000 1.000714231E+00
 796.00000 1.000457858E+00
 797.00000 1.000257945E+00
 798.00000 1.000114811E+00
 799.00000 1.000028742E+00
 800.00000 1.000000000E+00
 801.00000 1.000028814E+00
 802.00000 1.000115386E+00
 803.00000 1.000259887E+00
 804.00000 1.000462456E+00
 805.00000 1.000723205E+00
 806.00000 1.001042213E+00
 807.00000 1.001419527E+00
 808.00000 1.001855166E+00
 809.00000 1.002349114E+00
 810.00000 1.002901327E+00
 811.00000 1.003511727E+00
 812.00000 1.004180206E+00
 813.00000 1.004906625E+00
 814.00000 1.005690812E+00
 815.00000 1.006532566E+00
 816.00000 1.007431653E+00
 817.00000 1.008387810E+00
 818.00000 1.009400743E+00
 819.00000 1.010470128E+00
 820.00000 1.011595610E+00
 821.00000 1.012776806E+00
 822.00000 1.014013303E+00
 823.00000 1.015304660E+00
 824.00000 1.016650409E+00
 825.00000 1.018050051E+00
 826.00000 1.019503065E+00
 827.00000 1.021008898E+00
 828.00000 1.022566976E+00
 829.00000 1.024176697E+00
 830.00000 1.025837437E+00
 831.00000 1.027548545E+00
 832.00000 1.029309350E+00
 833.00000 1.031119157E+00
 834.00000 1.032977250E+00
 835.00000 1.034882893E+00
 836.00000 1.036835330E+00
 837.00000 1.038833786E+00
 838.00000 1.040877466E+00
 839.00000 1.042965561E+00
 840.00000 1.045097243E+00
 841.00000 1.047271671E+00
 842.00000 1.049487986E+00
 843.00000 1.051745319E+00
 844.00000 1.054042786E+00
 845.00000 1.056379492E+00
 846.00000 1.058754531E+00
 847.00000 1.061166985E+00
 848.00000 1.063615932E+00
 849.00000 1.066100435E+00
 850.00000 1.068619556E+00
 851.00000 1.071172347E+00
 852.00000 1.073757856E+00
 853.00000 1.076375125E+00
 854.00000 1.079023193E+00
 855.00000 1.081701097E+00
 856.00000 1.084407871E+00
 857.00000 1.087142549E+00
 858.00000 1.089904162E+00
 859.00000 1.092691744E+00
 860.00000 1.095504330E+00
 861.00000 1.098340956E+00
 862.00000 1.101200660E+00
 863.00000 1.104082486E+00
 864.00000 1.106985480E+00
 865.00000 1.109908694E+00
 866.00000 1.112851184E+00
 867.00000 1.115812014E+00
 868.00000 1.118790254E+00
 869.00000 1.121784981E+00
 870.00000 1.124795281E+00
 871.00000 1.127820246E+00
 872.00000 1.130858980E+00
 873.00000 1.133910595E+00
 874.00000 1.136974213E+00
 875.00000 1.140048966E+00
 876.00000 1.143133998E+00
 877.00000 1.146228463E+00
 878.00000 1.149331528E+00
 879.00000 1.152442370E+00
 880.00000 1.155560181E+00
 881.00000 1.158684163E+00
 882.00000 1.161813532E+00
 883.00000 1.164947517E+00
 884.00000 1.168085362E+00
 885.00000 1.171226321E+00
 886.00000 1.174369664E+00
 887.00000 1.177514676E+00
 888.00000 1.180660655E+00
 889.00000 1.183806913E+00
 890.00000 1.186952777E+00
 891.00000 1.190097586E+00
 892.00000 1.193240699E+00
 893.00000 1.196381484E+00
 894.00000 1.199519326E+00
 895.00000 1.202653626E+00
 896.00000 1.205783798E+00
 897.00000 1.208909270E+00
 898.00000 1.212029487E+00
 899.00000 1.215143906E+00
 900.00000 1.218252001E+00
 901.00000 1.221353259E+00
 902.00000 1.224447182E+00
 903.00000 1.227533287E+00
 904.00000 1.230611103E+00
 905.00000 1.233680177E+00
 906.00000 1.236740066E+00
 907.00000 1.239790343E+00
 908.00000 1.242830595E+00
 909.00000 1.245860422E+00
 910.00000 1.248879437E+00
 911.00000 1.251887269E+00
 912.00000 1.254883556E+00
 913.00000 1.257867952E+00
 914.00000 1.260840123E+00
 915.00000 1.263799748E+00
 916.00000 1.266746518E+00
 917.00000 1.269680135E+00
 918.00000 1.272600317E+00
 919.00000 1.275506789E+00
 920.00000 1.278399291E+00
 921.00000 1.281277573E+00
 922.00000 1.284141396E+00
 923.00000 1.286990534E+00
 924.00000 1.289824770E+00
 925.00000 1.292643898E+00
 926.00000 1.295447722E+00
 927.00000 1.298236057E+00
 928.00000 1.301008728E+00
 929.00000 1.303765568E+00
 930.00000 1.306506422E+00
 931.00000 1.309231144E+00
 932.00000 1.311939594E+00
 933.00000 1.314631645E+00
 934.00000 1.317307175E+00
 935.00000 1.319966074E+00
 936.00000 1.322608238E+00
 937.00000 1.325233571E+00
 938.00000 1.327841986E+00
 939.00000 1.330433402E+00
 940.00000 1.333007747E+00
 941.00000 1.335564955E+00
 942.00000 1.338104968E+00
 943.00000 1.340627735E+00
 944.00000 1.343133210E+00
 945.00000 1.345621355E+00
 946.00000 1.348092137E+00
 947.00000 1.350545530E+00
 948.00000 1.352981514E+00
 949.00000 1.355400074E+00
 950.00000 1.357801200E+00
 951.00000 1.360184889E+00
 952.00000 1.362551141E+00
 953.00000 1.364899964E+00
 954.00000 1.367231368E+00
 955.00000 1.369545368E+00
 956.00000 1.371841985E+00
 957.00000 1.374121243E+00
 958.00000 1.376383171E+00
 959.00000 1.378627802E+00
 960.00000 1.380855172E+00
 961.00000 1.383065322E+00
 962.00000 1.385258295E+00
 963.00000 1.387434139E+00
 964.00000 1.389592904E+00
 965.00000 1.391734645E+00
 966.00000 1.393859419E+00
 967.00000 1.395967285E+00
 968.00000 1.398058306E+00
 969.00000 1.400132547E+00
 970.00000 1.402190077E+00
 971.00000 1.404230966E+00
 972.00000 1.406255286E+00
 973.00000 1.408263114E+00
 974.00000 1.410254525E+00
 975.00000 1.412229600E+00
 976.00000 1.414188420E+00
 977.00000 1.416131067E+00
 978.00000 1.418057626E+00
 979.00000 1.419968184E+00
 980.00000 1.421862829E+00
 981.00000 1.423741650E+00
 982.00000 1.425604739E+00
 983.00000 1.427452187E+00
 984.00000 1.429284087E+00
 985.00000 1.431100535E+00
 986.00000 1.432901627E+00
 987.00000 1.434687458E+00
 988.00000 1.436458127E+00
 989.00000 1.438213732E+00
 990.00000 1.439954372E+00
 991.00000 1.441680148E+00
 992.00000 1.443391160E+00
 993.00000 1.445087510E+00
 994.00000 1.446769299E+00
 995.00000 1.448436631E+00
 996.00000 1.450089608E+00
 997.00000 1.451728334E+00
 998.00000 1.453352911E+00
 999.00000 1.454963446E+00
1000.00000 1.456560040E+00
1001.00000 1.458142800E+00
1002.00000 1.459711830E+00
1003.00000 1.461267235E+00
1004.00000 1.462809119E+00
1005.00000 1.464337587E+00
1006.00000 1.465852746E+00
1007.00000 1.467354699E+00
1008.00000 1.468843552E+00
1009.00000 1.470319409E+00
1010.00000 1.471782375E+00
1011.00000 1.473232555E+00
1012.00000 1.474670053E+00
1013.00000 1.476094974E+00
1014.00000 1.477507421E+00
1015.00000 1.478907498E+00
1016.00000 1.480295309E+00
1017.00000 1.481670957E+00
1018.00000 1.483034544E+00
1019.00000 1.484386173E+00
1020.00000 1.485725946E+00
1021.00000 1.487053965E+00
1022.00000 1.488370331E+00
1023.00000 1.489675145E+00
1024.00000 1.490968508E+00
1025.00000 1.492250519E+00
1026.00000 1.493521278E+00
1027.00000 1.494780883E+00
1028.00000 1.496029434E+00
1029.00000 1.497267029E+00
1030.00000 1.498493764E+00
1031.00000 1.499709737E+00
1032.00000 1.500915043E+00
1033.00000 1.502109780E+00
1034.00000 1.503294042E+00
1035.00000 1.504467924E+00
1036.00000 1.505631520E+00
1037.00000 1.506784922E+00
1038.00000 1.507928225E+00
1039.00000 1.509061521E+00
1040.00000 1.510184900E+00
1041.00000 1.511298455E+00
1042.00000 1.512402274E+00
1043.00000 1.513496449E+00
1044.00000 1.514581069E+00
1045.00000 1.515656220E+00
1046.00000 1.516721993E+00
1047.00000 1.517778473E+00
1048.00000 1.518825747E+00
1049.00000 1.519863901E+00
1050.00000 1.520893020E+00
1051.00000 1.521913189E+00
1052.00000 1.522924492E+00
1053.00000 1.523927011E+00
1054.00000 1.524920829E+00
1055.00000 1.525906029E+00
1056.00000 1.526882691E+00
1057.00000 1.527850896E+00
1058.00000 1.528810723E+00
1059.00000 1.529762253E+00
1060.00000 1.530705563E+00
1061.00000 1.531640731E+00
1062.00000 1.532567835E+00
1063.00000 1.533486951E+00
1064.00000 1.534398155E+00
1065.00000 1.535301522E+00
1066.00000 1.536197126E+00
1067.00000 1.537085043E+00
1068.00000 1.537965344E+00
1069.00000 1.538838102E+00
1070.00000 1.539703390E+00
1071.00000 1.540561279E+00
1072.00000 1.541411839E+00
1073.00000 1.542255141E+00
1074.00000 1.543091253E+00
1075.00000 1.543920245E+00
1076.00000 1.544742184E+00
1077.00000 1.545557138E+00
1078.00000 1.546365174E+00
1079.00000 1.547166358E+00
1080.00000 1.547960756E+00
1081.00000 1.548748433E+00
1082.00000 1.549529452E+00
1083.00000 1.550303878E+00
1084.00000 1.551071774E+00
1085.00000 1.551833203E+00
1086.00000 1.552588226E+00
1087.00000 1.553336905E+00
1088.00000 1.554079300E+00
1089.00000 1.554815472E+00
1090.00000 1.555545480E+00
1091.00000 1.556269384E+00
1092.00000 1.556987241E+00
1093.00000 1.557699110E+00
1094.00000 1.558405048E+00
1095.00000 1.559105112E+00
1096.00000 1.559799358E+00
1097.00000 1.560487841E+00
1098.00000 1.561170616E+00
1099.00000 1.561847739E+00
1100.00000 1.562519263E+00
1101.00000 1.563185241E+00
1102.00000 1.563845728E+00
1103.00000 1.564500774E+00
1104.00000 1.565150432E+00
1105.00000 1.565794753E+00
1106.00000 1.566433788E+00
1107.00000 1.567067588E+00
1108.00000 1.567696202E+00
1109.00000 1.568319679E+00
1110.00000 1.568938069E+00
1111.00000 1.569551420E+00
1112.00000 1.570159780E+00
1113.00000 1.570763195E+00
1114.00000 1.571361714E+00
1115.00000 1.571955382E+00
1116.00000 1.572544245E+00
1117.00000 1.573128350E+00
1118.00000 1.573707740E+00
1119.00000 1.574282460E+00
1120.00000 1.574852556E+00
1121.00000 1.575418069E+00
1122.00000 1.575979045E+00
1123.00000 1.576535524E+00
1124.00000 1.577087550E+00
1125.00000 1.577635165E+00
1126.00000 1.578178410E+00
1127.00000 1.578717326E+00
1128.00000 1.579251954E+00
1129.00000 1.579782334E+00
1130.00000 1.580308506E+00
1131.00000 1.580830509E+00
1132.00000 1.581348383E+00
1133.00000 1.581862166E+00
1134.00000 1.582371895E+00
1135.00000 1.582877610E+00
1136.00000 1.583379348E+00
1137.00000 1.583877145E+00
1138.00000 1.584371038E+00
1139.00000 1.584861064E+00
1140.00000 1.585347259E+00
1141.00000 1.585829657E+00
1142.00000 1.586308295E+00
1143.00000 1.586783207E+00
1144.00000 1.587254428E+00
1145.00000 1.587721991E+00
1146.00000 1.588185931E+00
1147.00000 1.588646281E+00
1148.00000 1.589103074E+00
1149.00000 1.589556343E+00
1150.00000 1.590006120E+00
1151.00000 1.590452438E+00
1152.00000 1.590895327E+00
1153.00000 1.591334821E+00
1154.00000 1.591770949E+00
1155.00000 1.592203743E+00
1156.00000 1.592633232E+00
1157.00000 1.593059448E+00
1158.00000 1.593482420E+00
1159.00000 1.593902177E+00
1160.00000 1.594318750E+00
1161.00000 1.594732166E+00
1162.00000 1.595142455E+00
1163.00000 1.595549644E+00
1164.00000 1.595953763E+00
1165.00000 1.596354838E+00
1166.00000 1.596752897E+00
1167.00000 1.597147968E+00
1168.00000 1.597540078E+00
1169.00000 1.597929253E+00
1170.00000 1.598315519E+00
1171.00000 1.598698903E+00
1172.00000 1.599079430E+00
1173.00000 1.599457127E+00
1174.00000 1.599832018E+00
1175.00000 1.600204129E+00
1176.00000 1.600573485E+00
1177.00000 1.600940109E+00
1178.00000 1.601304027E+00
1179.00000 1.601665263E+00
1180.00000 1.602023840E+00
1181.00000 1.602379782E+00
1182.00000 1.602733112E+00
1183.00000 1.603083854E+00
1184.00000 1.603432030E+00
1185.00000 1.603777664E+00
1186.00000 1.604120777E+00
1187.00000 1.604461391E+00
1188.00000 1.604799530E+00
1189.00000 1.605135214E+00
1190.00000 1.605468465E+00
1191.00000 1.605799305E+00
1192.00000 1.606127754E+00
1193.00000 1.606453834E+00
1194.00000 1.606777565E+00
1195.00000 1.607098968E+00
1196.00000 1.607418062E+00
1197.00000 1.607734869E+00
1198.00000 1.608049408E+00
1199.00000 1.608361698E+00
1200.00000 1.608671760E+00
1201.00000 1.608979612E+00
1202.00000 1.609285274E+00
1203.00000 1.609588765E+00
1204.00000 1.609890102E+00
1205.00000 1.610189306E+00
1206.00000 1.610486394E+00
1207.00000 1.610781384E+00
1208.00000 1.611074294E+00
1209.00000 1.611365143E+00
1210.00000 1.611653947E+00
1211.00000 1.611940725E+00
1212.00000 1.612225494E+00
1213.00000 1.612508270E+00
1214.00000 1.612789071E+00
1215.00000 1.613067913E+00
1216.00000 1.613344814E+00
1217.00000 1.613619790E+00
1218.00000 1.613892856E+00
1219.00000 1.614164029E+00
1220.00000 1.614433326E+00
1221.00000 1.614700762E+00
1222.00000 1.614966352E+00
1223.00000 1.615230112E+00
1224.00000 1.615492058E+00
1225.00000 1.615752204E+00
1226.00000 1.616010567E+00
1227.00000 1.616267160E+00
1228.00000 1.616521999E+00
1229.00000 1.616775098E+00
1230.00000 1.617026471E+00
1231.00000 1.617276134E+00
1232.00000 1.617524100E+00
1233.00000 1.617770383E+00
1234.00000 1.618014998E+00
1235.00000 1.618257958E+00
1236.00000 1.618499277E+00
1237.00000 1.618738968E+00
1238.00000 1.618977045E+00
1239.00000 1.619213521E+00
1240.00000 1.619448410E+00
1241.00000 1.619681723E+00
1242.00000 1.619913475E+00
1243.00000 1.620143678E+00
1244.00000 1.620372345E+00
1245.00000 1.620599488E+00
1246.00000 1.620825120E+00
1247.00000 1.621049252E+00
1248.00000 1.621271898E+00
1249.00000 1.621493069E+00
1250.00000 1.621712778E+00
1251.00000 1.621931035E+00
1252.00000 1.622147854E+00
1253.00000 1.622363244E+00
1254.00000 1.622577219E+00
1255.00000 1.622789789E+00
1256.00000 1.623000966E+00
1257.00000 1.623210761E+00
1258.00000 1.623419185E+00
1259.00000 1.623626249E+00
1260.00000 1.623831964E+00
1261.00000 1.624036340E+00
1262.00000 1.624239389E+00
1263.00000 1.624441120E+00
1264.00000 1.624641545E+00
1265.00000 1.624840674E+00
1266.00000 1.625038517E+00
1267.00000 1.625235085E+00
1268.00000 1.625430386E+00
1269.00000 1.625624432E+00
1270.00000 1.625817233E+00
1271.00000 1.626008797E+00
1272.00000 1.626199136E+00
1273.00000 1.626388258E+00
1274.00000 1.626576173E+00
1275.00000 1.626762890E+00
1276.00000 1.626948420E+00
1277.00000 1.627132770E+00
1278.00000 1.627315951E+00
1279.00000 1.627497972E+00
1280.00000 1.627678841E+00
1281.00000 1.627858568E+00
1282.00000 1.628037161E+00
1283.00000 1.628214629E+00
1284.00000 1.628390981E+00
1285.00000 1.628566226E+00
1286.00000 1.628740372E+00
1287.00000 1.628913427E+00
1288.00000 1.629085401E+00
1289.00000 1.629256301E+00
1290.00000 1.629426135E+00
1291.00000 1.629594912E+00
1292.00000 1.629762640E+00
1293.00000 1.629929327E+00
1294.00000 1.630094980E+00
1295.00000 1.630259609E+00
1296.00000 1.630423219E+00
1297.00000 1.630585821E+00
1298.00000 1.630747420E+00
1299.00000 1.630908024E+00
1300.00000 1.631067642E+00
1301.00000 1.631226280E+00
1302.00000 1.631383946E+00
1303.00000 1.631540648E+00
1304.00000 1.631696392E+00
1305.00000 1.631851186E+00
1306.00000 1.632005037E+00
1307.00000 1.632157952E+00
1308.00000 1.632309938E+00
1309.00000 1.632461002E+00
1310.00000 1.632611150E+00
1311.00000 1.632760391E+00
1312.00000 1.632908730E+00
1313.00000 1.633056174E+00
1314.00000 1.633202730E+00
1315.00000 1.633348405E+00
1316.00000 1.633493204E+00
1317.00000 1.633637136E+00
1318.00000 1.633780205E+00
1319.00000 1.633922418E+00
1320.00000 1.634063782E+00
1321.00000 1.634204302E+00
1322.00000 1.634343986E+00
1323.00000 1.634482839E+00
1324.00000 1.634620867E+00
1325.00000 1.634758077E+00
1326.00000 1.634894474E+00
1327.00000 1.635030064E+00
1328.00000 1.635164854E+00
1329.00000 1.635298848E+00
1330.00000 1.635432054E+00
1331.00000 1.635564476E+00
1332.00000 1.635696120E+00
1333.00000 1.635826992E+00
1334.00000 1.635957097E+00
1335.00000 1.636086442E+00
1336.00000 1.636215031E+00
1337.00000 1.636342869E+00
1338.00000 1.636469964E+00
1339.00000 1.636596319E+00
1340.00000 1.636721940E+00
1341.00000 1.636846832E+00
1342.00000 1.636971001E+00
1343.00000 1.637094451E+00
1344.00000 1.637217189E+00
1345.00000 1.637339218E+00
1346.00000 1.637460544E+00
1347.00000 1.637581172E+00
1348.00000 1.637701107E+00
1349.00000 1.637820354E+00
1350.00000 1.637938918E+00
1351.00000 1.638056803E+00
1352.00000 1.638174015E+00
1353.00000 1.638290558E+00
1354.00000 1.638406436E+00
1355.00000 1.638521655E+00
1356.00000 1.638636220E+00
1357.00000 1.638750134E+00
1358.00000 1.638863402E+00
1359.00000 1.638976029E+00
1360.00000 1.639088020E+00
1361.00000 1.639199378E+00
1362.00000 1.639310109E+00
1363.00000 1.639420216E+00
1364.00000 1.639529704E+00
1365.00000 1.639638577E+00
1366.00000 1.639746840E+00
1367.00000 1.639854496E+00
1368.00000 1.639961550E+00
1369.00000 1.640068007E+00
1370.00000 1.640173869E+00
1371.00000 1.640279142E+00
1372.00000 1.640383830E+00
1373.00000 1.640487935E+00
1374.00000 1.640591463E+00
1375.00000 1.640694418E+00
1376.00000 1.640796803E+00
1377.00000 1.640898622E+00
1378.00000 1.640999879E+00
1379.00000 1.641100578E+00
1380.00000 1.641200722E+00
1381.00000 1.641300316E+00
1382.00000 1.641399364E+00
1383.00000 1.641497868E+00
1384.00000 1.641595833E+00
1385.00000 1.641693262E+00
1386.00000 1.641790159E+00
1387.00000 1.641886528E+00
1388.00000 1.641982371E+00
1389.00000 1.642077693E+00
1390.00000 1.642172498E+00
1391.00000 1.642266788E+00
1392.00000 1.642360567E+00
1393.00000 1.642453838E+00
1394.00000 1.642546605E+00
1395.00000 1.642638872E+00
1396.00000 1.642730641E+00
1397.00000 1.642821916E+00
1398.00000 1.642912701E+00
1399.00000 1.643002997E+00
1400.00000 1.643092810E+00
1401.00000 1.643182141E+00
1402.00000 1.643270995E+00
1403.00000 1.643359374E+00
1404.00000 1.643447281E+00
1405.00000 1.643534720E+00
1406.00000 1.643621693E+00
1407.00000 1.643708204E+00
1408.00000 1.643794256E+00
1409.00000 1.643879852E+00
1410.00000 1.643964994E+00
1411.00000 1.644049686E+00
1412.00000 1.644133931E+00
1413.00000 1.644217731E+00
1414.00000 1.644301090E+00
1415.00000 1.644384010E+00
1416.00000 1.644466495E+00
1417.00000 1.644548546E+00
1418.00000 1.644630168E+00
1419.00000 1.644711362E+00
1420.00000 1.644792131E+00
1421.00000 1.644872479E+00
1422.00000 1.644952408E+00
1423.00000 1.645031920E+00
1424.00000 1.645111019E+00
1425.00000 1.645189706E+00
1426.00000 1.645267986E+00
1427.00000 1.645345859E+00
1428.00000 1.645423330E+00
1429.00000 1.645500399E+00
1430.00000 1.645577071E+00
1431.00000 1.645653348E+00
1432.00000 1.645729231E+00
1433.00000 1.645804724E+00
1434.00000 1.645879829E+00
1435.00000 1.645954549E+00
1436.00000 1.646028885E+00
1437.00000 1.646102842E+00
1438.00000 1.646176419E+00
1439.00000 1.646249622E+00
1440.00000 1.646322450E+00
1441.00000 1.646394908E+00
1442.00000 1.646466997E+00
1443.00000 1.646538720E+00
1444.00000 1.646610078E+00
1445.00000 1.646681075E+00
1446.00000 1.646751713E+00
1447.00000 1.646821993E+00
1448.00000 1.646891918E+00
1449.00000 1.646961490E+00
1450.00000 1.647030712E+00
1451.00000 1.647099585E+00
1452.00000 1.647168113E+00
1453.00000 1.647236296E+00
1454.00000 1.647304137E+00
1455.00000 1.647371638E+00
1456.00000 1.647438802E+00
1457.00000 1.647505630E+00
1458.00000 1.647572125E+00
1459.00000 1.647638288E+00
1460.00000 1.647704121E+00
1461.00000 1.647769628E+00
1462.00000 1.647834809E+00
1463.00000 1.647899666E+00
1464.00000 1.647964203E+00
1465.00000 1.648028419E+00
1466.00000 1.648092319E+00
1467.00000 1.648155903E+00
1468.00000 1.648219173E+00
1469.00000 1.648282132E+00
1470.00000 1.648344781E+00
1471.00000 1.648407122E+00
1472.00000 1.648469157E+00
1473.00000 1.648530888E+00
1474.00000 1.648592317E+00
1475.00000 1.648653445E+00
1476.00000 1.648714275E+00
1477.00000 1.648774808E+00
1478.00000 1.648835045E+00
1479.00000 1.648894990E+00
1480.00000 1.648954643E+00
1481.00000 1.649014006E+00
1482.00000 1.649073082E+00
1483.00000 1.649131871E+00
1484.00000 1.649190376E+00
1485.00000 1.649248598E+00
1486.00000 1.649306538E+00
1487.00000 1.649364200E+00
1488.00000 1.649421583E+00
1489.00000 1.649478690E+00
1490.00000 1.649535523E+00
1491.00000 1.649592083E+00
1492.00000 1.649648372E+00
1493.00000 1.649704392E+00
1494.00000 1.649760143E+00
1495.00000 1.649815628E+00
1496.00000 1.649870848E+00
1497.00000 1.649925805E+00
1498.00000 1.649980500E+00
1499.00000 1.650034935E+00
1500.00000 1.650089111E+00
1501.00000 1.650143030E+00
1502.00000 1.650196694E+00
1503.00000 1.650250103E+00
1504.00000 1.650303260E+00
1505.00000 1.650356166E+00
1506.00000 1.650408822E+00
1507.00000 1.650461230E+00
1508.00000 1.650513391E+00
1509.00000 1.650565307E+00
1510.00000 1.650616979E+00
1511.00000 1.650668408E+00
1512.00000 1.650719596E+00
1513.00000 1.650770545E+00
1514.00000 1.650821256E+00
1515.00000 1.650871729E+00
1516.00000 1.650921968E+00
1517.00000 1.650971972E+00
1518.00000 1.651021743E+00
1519.00000 1.651071282E+00
1520.00000 1.651120592E+00
1521.00000 1.651169673E+00
1522.00000 1.651218526E+00
1523.00000 1.651267153E+00
1524.00000 1.651315556E+00
1525.00000 1.651363734E+00
1526.00000 1.651411691E+00
1527.00000 1.651459426E+00
1528.00000 1.651506942E+00
1529.00000 1.651554239E+00
1530.00000 1.651601319E+00
1531.00000 1.651648182E+00
1532.00000 1.651694831E+00
1533.00000 1.651741267E+00
1534.00000 1.651787489E+00
1535.00000 1.651833501E+00
1536.00000 1.651879303E+00
1537.00000 1.651924896E+00
1538.00000 1.651970281E+00
1539.00000 1.652015460E+00
1540.00000 1.652060434E+00
1541.00000 1.652105204E+00
1542.00000 1.652149770E+00
1543.00000 1.652194135E+00
1544.00000 1.652238299E+00
1545.00000 1.652282263E+00
1546.00000 1.652326029E+00
1547.00000 1.652369598E+00
1548.00000 1.652412970E+00
1549.00000 1.652456147E+00
1550.00000 1.652499130E+00
1551.00000 1.652541921E+00
1552.00000 1.652584519E+00
1553.00000 1.652626926E+00
1554.00000 1.652669144E+00
1555.00000 1.652711173E+00
1556.00000 1.652753014E+00
1557.00000 1.652794668E+00
1558.00000 1.652836137E+00
1559.00000 1.652877421E+00
1560.00000 1.652918522E+00
1561.00000 1.652959440E+00
1562.00000 1.653000177E+00
1563.00000 1.653040733E+00
1564.00000 1.653081109E+00
1565.00000 1.653121307E+00
1566.00000 1.653161327E+00
1567.00000 1.653201171E+00
1568.00000 1.653240839E+00
1569.00000 1.653280332E+00
1570.00000 1.653319651E+00
1571.00000 1.653358798E+00
1572.00000 1.653397773E+00
1573.00000 1.653436576E+00
1574.00000 1.653475210E+00
1575.00000 1.653513675E+00
1576.00000 1.653551971E+00
1577.00000 1.653590101E+00
1578.00000 1.653628063E+00
1579.00000 1.653665861E+00
1580.00000 1.653703494E+00
1581.00000 1.653740963E+00
1582.00000 1.653778269E+00
1583.00000 1.653815414E+00
1584.00000 1.653852397E+00
1585.00000 1.653889220E+00
1586.00000 1.653925884E+00
1587.00000 1.653962390E+00
1588.00000 1.653998737E+00
1589.00000 1.654034928E+00
1590.00000 1.654070963E+00
1591.00000 1.654106843E+00
1592.00000 1.654142569E+00
1593.00000 1.654178141E+00
1594.00000 1.654213561E+00
1595.00000 1.654248828E+00
1596.00000 1.654283945E+00
1597.00000 1.654318912E+00
1598.00000 1.654353729E+00
1599.00000 1.654388397E+00
1600.00000 1.654422917E+00
1601.00000 1.654457291E+00
1602.00000 1.654491518E+00
1603.00000 1.654525600E+00
1604.00000 1.654559536E+00
1605.00000 1.654593329E+00
1606.00000 1.654626979E+00
1607.00000 1.654660486E+00
1608.00000 1.654693851E+00
1609.00000 1.654727075E+00
1610.00000 1.654760159E+00
1611.00000 1.654793104E+00
1612.00000 1.654825910E+00
1613.00000 1.654858577E+00
1614.00000 1.654891108E+00
1615.00000 1.654923501E+00
1616.00000 1.654955759E+00
1617.00000 1.654987881E+00
1618.00000 1.655019869E+00
1619.00000 1.655051723E+00
1620.00000 1.655083444E+00
1621.00000 1.655115033E+00
1622.00000 1.655146489E+00
1623.00000 1.655177815E+00
1624.00000 1.655209010E+00
1625.00000 1.655240076E+00
1626.00000 1.655271012E+00
1627.00000 1.655301820E+00
1628.00000 1.655332500E+00
1629.00000 1.655363053E+00
1630.00000 1.655393480E+00
1631.00000 1.655423781E+00
1632.00000 1.655453957E+00
1633.00000 1.655484008E+00
1634.00000 1.655513935E+00
1635.00000 1.655543739E+00
1636.00000 1.655573421E+00
1637.00000 1.655602980E+00
1638.00000 1.655632419E+00
1639.00000 1.655661736E+00
1640.00000 1.655690933E+00
1641.00000 1.655720011E+00
1642.00000 1.655748970E+00
1643.00000 1.655777810E+00
1644.00000 1.655806533E+00
1645.00000 1.655835139E+00
1646.00000 1.655863628E+00
1647.00000 1.655892001E+00
1648.00000 1.655920259E+00
1649.00000 1.655948402E+00
1650.00000 1.655976430E+00
1651.00000 1.656004346E+00
1652.00000 1.656032148E+00
1653.00000 1.656059837E+00
1654.00000 1.656087415E+00
1655.00000 1.656114881E+00
1656.00000 1.656142237E+00
1657.00000 1.656169482E+00
1658.00000 1.656196617E+00
1659.00000 1.656223643E+00
1660.00000 1.656250561E+00
1661.00000 1.656277371E+00
1662.00000 1.656304073E+00
1663.00000 1.656330668E+00
1664.00000 1.656357156E+00
1665.00000 1.656383539E+00
1666.00000 1.656409816E+00
1667.00000 1.656435988E+00
1668.00000 1.656462056E+00
1669.00000 1.656488020E+00
1670.00000 1.656513880E+00
1671.00000 1.656539638E+00
1672.00000 1.656565293E+00
1673.00000 1.656590847E+00
1674.00000 1.656616299E+00
1675.00000 1.656641650E+00
1676.00000 1.656666901E+00
1677.00000 1.656692052E+00
1678.00000 1.656717104E+00
1679.00000 1.656742056E+00
1680.00000 1.656766911E+00
1681.00000 1.656791667E+00
1682.00000 1.656816326E+00
1683.00000 1.656840888E+00
1684.00000 1.656865354E+00
1685.00000 1.656889723E+00
1686.00000 1.656913997E+00
1687.00000 1.656938176E+00
1688.00000 1.656962260E+00
1689.00000 1.656986250E+00
1690.00000 1.657010146E+00
1691.00000 1.657033949E+00
1692.00000 1.657057659E+00
1693.00000 1.657081277E+00
1694.00000 1.657104802E+00
1695.00000 1.657128237E+00
1696.00000 1.657151580E+00
1697.00000 1.657174832E+00
1698.00000 1.657197995E+00
1699.00000 1.657221067E+00
1700.00000 1.657244051E+00
1701.00000 1.657266945E+00
1702.00000 1.657289751E+00
1703.00000 1.657312469E+00
1704.00000 1.657335099E+00
1705.00000 1.657357642E+00
1706.00000 1.657380099E+00
1707.00000 1.657402468E+00
1708.00000 1.657424752E+00
1709.00000 1.657446951E+00
1710.00000 1.657469064E+00
1711.00000 1.657491092E+00
1712.00000 1.657513037E+00
1713.00000 1.657534897E+00
1714.00000 1.657556673E+00
1715.00000 1.657578367E+00
1716.00000 1.657599977E+00
1717.00000 1.657621506E+00
1718.00000 1.657642952E+00
1719.00000 1.657664317E+00
1720.00000 1.657685600E+00
1721.00000 1.657706803E+00
1722.00000 1.657727925E+00
1723.00000 1.657748967E+00
1724.00000 1.657769930E+00
1725.00000 1.657790813E+00
1726.00000 1.657811617E+00
1727.00000 1.657832342E+00
1728.00000 1.657852990E+00
1729.00000 1.657873559E+00
1730.00000 1.657894051E+00
1731.00000 1.657914466E+00
1732.00000 1.657934804E+00
1733.00000 1.657955065E+00
1734.00000 1.657975251E+00
1735.00000 1.657995361E+00
1736.00000 1.658015395E+00
1737.00000 1.658035355E+00
1738.00000 1.658055239E+00
1739.00000 1.658075050E+00
1740.00000 1.658094786E+00
1741.00000 1.658114449E+00
1742.00000 1.658134039E+00
1743.00000 1.658153555E+00
1744.00000 1.658172999E+00
1745.00000 1.658192371E+00
1746.00000 1.658211671E+00
1747.00000 1.658230899E+00
1748.00000 1.658250055E+00
1749.00000 1.658269141E+00
1750.00000 1.658288156E+00
1751.00000 1.658307101E+00
1752.00000 1.658325976E+00
1753.00000 1.658344781E+00
1754.00000 1.658363517E+00
1755.00000 1.658382184E+00
1756.00000 1.658400782E+00
1757.00000 1.658419311E+00
1758.00000 1.658437773E+00
1759.00000 1.658456166E+00
1760.00000 1.658474492E+00
1761.00000 1.658492751E+00
1762.00000 1.658510943E+00
1763.00000 1.658529069E+00
1764.00000 1.658547128E+00
1765.00000 1.658565121E+00
1766.00000 1.658583049E+00
1767.00000 1.658600911E+00
1768.00000 1.658618708E+00
1769.00000 1.658636440E+00
1770.00000 1.658654108E+00
1771.00000 1.658671711E+00
1772.00000 1.658689251E+00
1773.00000 1.658706727E+00
1774.00000 1.658724139E+00
1775.00000 1.658741489E+00
1776.00000 1.658758776E+00
1777.00000 1.658776000E+00
1778.00000 1.658793162E+00
1779.00000 1.658810262E+00
1780.00000 1.658827300E+00
1781.00000 1.658844277E+00
1782.00000 1.658861193E+00
1783.00000 1.658878048E+00
1784.00000 1.658894842E+00
1785.00000 1.658911576E+00
1786.00000 1.658928250E+00
1787.00000 1.658944864E+00
1788.00000 1.658961419E+00
1789.00000 1.658977914E+00
1790.00000 1.658994350E+00
1791.00000 1.659010728E+00
1792.00000 1.659027047E+00
1793.00000 1.659043308E+00
1794.00000 1.659059511E+00
1795.00000 1.659075656E+00
1796.00000 1.659091744E+00
1797.00000 1.659107774E+00
1798.00000 1.659123748E+00
1799.00000 1.659139665E+00
1800.00000 1.659155525E+00
1801.00000 1.659171330E+00
1802.00000 1.659187078E+00
1803.00000 1.659202770E+00
1804.00000 1.659218408E+00
1805.00000 1.659233989E+00
1806.00000 1.659249516E+00
1807.00000 1.659264988E+00
1808.00000 1.659280406E+00
1809.00000 1.659295769E+00
1810.00000 1.659311079E+00
1811.00000 1.659326334E+00
1812.00000 1.659341536E+00
1813.00000 1.659356684E+00
1814.00000 1.659371780E+00
1815.00000 1.659386822E+00
1816.00000 1.659401812E+00
1817.00000 1.659416750E+00
1818.00000 1.659431635E+00
1819.00000 1.659446468E+00
1820.00000 1.659461250E+00
1821.00000 1.659475980E+00
1822.00000 1.659490659E+00
1823.00000 1.659505286E+00
1824.00000 1.659519863E+00
1825.00000 1.659534389E+00
1826.00000 1.659548865E+00
1827.00000 1.659563290E+00
1828.00000 1.659577666E+00
1829.00000 1.659591992E+00
1830.00000 1.659606268E+00
1831.00000 1.659620495E+00
1832.00000 1.659634672E+00
1833.00000 1.659648801E+00
1834.00000 1.659662881E+00
1835.00000 1.659676912E+00
1836.00000 1.659690895E+00
1837.00000 1.659704830E+00
1838.00000 1.659718717E+00
1839.00000 1.659732557E+00
1840.00000 1.659746348E+00
1841.00000 1.659760093E+00
1842.00000 1.659773790E+00
1843.00000 1.659787441E+00
1844.00000 1.659801045E+00
1845.00000 1.659814602E+00
1846.00000 1.659828113E+00
1847.00000 1.659841578E+00
1848.00000 1.659854997E+00
1849.00000 1.659868370E+00
1850.00000 1.659881698E+00
1851.00000 1.659894980E+00
1852.00000 1.659908217E+00
1853.00000 1.659921410E+00
1854.00000 1.659934557E+00
1855.00000 1.659947660E+00
1856.00000 1.659960718E+00
1857.00000 1.659973733E+00
1858.00000 1.659986703E+00
1859.00000 1.659999629E+00
1860.00000 1.660012512E+00
1861.00000 1.660025351E+00
1862.00000 1.660038147E+00
1863.00000 1.660050899E+00
1864.00000 1.660063609E+00
1865.00000 1.660076276E+00
1866.00000 1.660088901E+00
1867.00000 1.660101483E+00
1868.00000 1.660114022E+00
1869.00000 1.660126520E+00
1870.00000 1.660138976E+00
1871.00000 1.660151390E+00
1872.00000 1.660163763E+00
1873.00000 1.660176094E+00
1874.00000 1.660188384E+00
1875.00000 1.660200633E+00
1876.00000 1.660212841E+00
1877.00000 1.660225008E+00
1878.00000 1.660237135E+00
1879.00000 1.660249221E+00
1880.00000 1.660261268E+00
1881.00000 1.660273274E+00
1882.00000 1.660285240E+00
1883.00000 1.660297167E+00
1884.00000 1.660309054E+00
1885.00000 1.660320902E+00
1886.00000 1.660332710E+00
1887.00000 1.660344480E+00
1888.00000 1.660356210E+00
1889.00000 1.660367902E+00
1890.00000 1.660379555E+00
1891.00000 1.660391170E+00
1892.00000 1.660402747E+00
1893.00000 1.660414285E+00
1894.00000 1.660425786E+00
1895.00000 1.660437248E+00
1896.00000 1.660448673E+00
1897.00000 1.660460061E+00
1898.00000 1.660471411E+00
1899.00000 1.660482724E+00
1900.00000 1.660494000E+00
1901.00000 1.660505239E+00
1902.00000 1.660516441E+00
1903.00000 1.660527606E+00
1904.00000 1.660538736E+00
1905.00000 1.660549828E+00
1906.00000 1.660560885E+00
1907.00000 1.660571906E+00
1908.00000 1.660582891E+00
1909.00000 1.660593840E+00
1910.00000 1.660604753E+00
1911.00000 1.660615631E+00
1912.00000 1.660626474E+00
1913.00000 1.660637281E+00
1914.00000 1.660648054E+00
1915.00000 1.660658792E+00
1916.00000 1.660669494E+00
1917.00000 1.660680163E+00
1918.00000 1.660690797E+00
1919.00000 1.660701396E+00
1920.00000 1.660711961E+00
1921.00000 1.660722493E+00
1922.00000 1.660732990E+00
1923.00000 1.660743454E+00
1924.00000 1.660753883E+00
1925.00000 1.660764280E+00
1926.00000 1.660774643E+00
1927.00000 1.660784972E+00
1928.00000 1.660795269E+00
1929.00000 1.660805533E+00
1930.00000 1.660815763E+00
1931.00000 1.660825961E+00
1932.00000 1.660836127E+00
1933.00000 1.660846260E+00
1934.00000 1.660856360E+00
1935.00000 1.660866429E+00
1936.00000 1.660876465E+00
1937.00000 1.660886469E+00
1938.00000 1.660896442E+00
1939.00000 1.660906382E+00
1940.00000 1.660916292E+00
1941.00000 1.660926169E+00
1942.00000 1.660936015E+00
1943.00000 1.660945831E+00
1944.00000 1.660955615E+00
1945.00000 1.660965368E+00
1946.00000 1.660975090E+00
1947.00000 1.660984781E+00
1948.00000 1.660994442E+00
1949.00000 1.661004072E+00
1950.00000 1.661013672E+00
1951.00000 1.661023242E+00
1952.00000 1.661032781E+00
1953.00000 1.661042291E+00
1954.00000 1.661051770E+00
1955.00000 1.661061220E+00
1956.00000 1.661070640E+00
1957.00000 1.661080030E+00
1958.00000 1.661089391E+00
1959.00000 1.661098723E+00
1960.00000 1.661108025E+00
1961.00000 1.661117299E+00
1962.00000 1.661126543E+00
1963.00000 1.661135758E+00
1964.00000 1.661144945E+00
1965.00000 1.661154103E+00
1966.00000 1.661163232E+00
1967.00000 1.661172333E+00
1968.00000 1.661181406E+00
1969.00000 1.661190450E+00
1970.00000 1.661199467E+00
1971.00000 1.661208455E+00
1972.00000 1.661217415E+00
1973.00000 1.661226348E+00
1974.00000 1.661235253E+00
1975.00000 1.661244130E+00
1976.00000 1.661252980E+00
1977.00000 1.661261802E+00
1978.00000 1.661270597E+00
1979.00000 1.661279365E+00
1980.00000 1.661288106E+00
1981.00000 1.661296820E+00
1982.00000 1.661305507E+00
1983.00000 1.661314167E+00
1984.00000 1.661322801E+00
1985.00000 1.661331408E+00
1986.00000 1.661339988E+00
1987.00000 1.661348542E+00
1988.00000 1.661357070E+00
1989.00000 1.661365572E+00
1990.00000 1.661374048E+00
1991.00000 1.661382497E+00
1992.00000 1.661390921E+00
1993.00000 1.661399319E+00
1994.00000 1.661407692E+00
1995.00000 1.661416039E+00
1996.00000 1.661424360E+00
1997.00000 1.661432656E+00
1998.00000 1.661440927E+00
1999.00000 1.661449172E+00
2000.00000 1.661457393E+00
2001.00000 1.661465588E+00
2002.00000 1.661473759E+00
2003.00000 1.661481904E+00
2004.00000 1.661490025E+00
2005.00000 1.661498122E+00
2006.00000 1.661506193E+00
2007.00000 1.661514241E+00
2008.00000 1.661522264E+00
2009.00000 1.661530262E+00
2010.00000 1.661538237E+00
2011.00000 1.661546187E+00
2012.00000 1.661554114E+00
2013.00000 1.661562016E+00
2014.00000 1.661569895E+00
2015.00000 1.661577750E+00
2016.00000 1.661585581E+00
2017.00000 1.661593389E+00
2018.00000 1.661601173E+00
2019.00000 1.661608934E+00
2020.00000 1.661616672E+00
2021.00000 1.661624386E+00
2022.00000 1.661632077E+00
2023.00000 1.661639746E+00
2024.00000 1.661647391E+00
2025.00000 1.661655013E+00
2026.00000 1.661662613E+00
2027.00000 1.661670190E+00
2028.00000 1.661677744E+00
2029.00000 1.661685276E+00
2030.00000 1.661692785E+00
2031.00000 1.661700272E+00
2032.00000 1.661707737E+00
2033.00000 1.661715179E+00
2034.00000 1.661722599E+00
2035.00000 1.661729997E+00
2036.00000 1.661737374E+00
2037.00000 1.661744728E+00
2038.00000 1.661752061E+00
2039.00000 1.661759372E+00
2040.00000 1.661766661E+00
2041.00000 1.661773928E+00
2042.00000 1.661781174E+00
2043.00000 1.661788399E+00
2044.00000 1.661795603E+00
2045.00000 1.661802785E+00
2046.00000 1.661809946E+00
2047.00000 1.661817086E+00
2048.00000 1.661824204E+00
2049.00000 1.661831302E+00
2050.00000 1.661838379E+00
2051.00000 1.661845435E+00
2052.00000 1.661852471E+00
2053.00000 1.661859486E+00
2054.00000 1.661866480E+00
2055.00000 1.661873454E+00
2056.00000 1.661880407E+00
2057.00000 1.661887340E+00
2058.00000 1.661894253E+00
2059.00000 1.661901145E+00
2060.00000 1.661908017E+00
2061.00000 1.661914870E+00
2062.00000 1.661921702E+00
2063.00000 1.661928514E+00
2064.00000 1.661935307E+00
2065.00000 1.661942079E+00
2066.00000 1.661948833E+00
2067.00000 1.661955566E+00
2068.00000 1.661962280E+00
2069.00000 1.661968974E+00
2070.00000 1.661975649E+00
2071.00000 1.661982304E+00
2072.00000 1.661988941E+00
2073.00000 1.661995558E+00
2074.00000 1.662002156E+00
2075.00000 1.662008734E+00
2076.00000 1.662015294E+00
2077.00000 1.662021835E+00
2078.00000 1.662028357E+00
2079.00000 1.662034860E+00
2080.00000 1.662041344E+00
2081.00000 1.662047810E+00
2082.00000 1.662054257E+00
2083.00000 1.662060686E+00
2084.00000 1.662067096E+00
2085.00000 1.662073488E+00
2086.00000 1.662079861E+00
2087.00000 1.662086216E+00
2088.00000 1.662092553E+00
2089.00000 1.662098871E+00
2090.00000 1.662105172E+00
2091.00000 1.662111454E+00
2092.00000 1.662117719E+00
2093.00000 1.662123965E+00
2094.00000 1.662130194E+00
2095.00000 1.662136405E+00
2096.00000 1.662142598E+00
2097.00000 1.662148774E+00
2098.00000 1.662154932E+00
2099.00000 1.662161072E+00
2100.00000 1.662167195E+00
2101.00000 1.662173301E+00
2102.00000 1.662179389E+00
2103.00000 1.662185460E+00
2104.00000 1.662191514E+00
2105.00000 1.662197551E+00
2106.00000 1.662203570E+00
2107.00000 1.662209572E+00
2108.00000 1.662215558E+00
2109.00000 1.662221526E+00
2110.00000 1.662227478E+00
2111.00000 1.662233413E+00
2112.00000 1.662239331E+00
2113.00000 1.662245232E+00
2114.00000 1.662251117E+00
2115.00000 1.662256985E+00
2116.00000 1.662262837E+00
2117.00000 1.662268672E+00
2118.00000 1.662274490E+00
2119.00000 1.662280293E+00
2120.00000 1.662286079E+00
2121.00000 1.662291849E+00
2122.00000 1.662297602E+00
2123.00000 1.662303340E+00
2124.00000 1.662309061E+00
2125.00000 1.662314767E+00
2126.00000 1.662320456E+00
2127.00000 1.662326130E+00
2128.00000 1.662331787E+00
2129.00000 1.662337429E+00
2130.00000 1.662343055E+00
2131.00000 1.662348666E+00
2132.00000 1.662354261E+00
2133.00000 1.662359840E+00
2134.00000 1.662365404E+00
2135.00000 1.662370952E+00
2136.00000 1.662376485E+00
2137.00000 1.662382002E+00
2138.00000 1.662387504E+00
2139.00000 1.662392991E+00
2140.00000 1.662398462E+00
2141.00000 1.662403919E+00
2142.00000 1.662409360E+00
2143.00000 1.662414786E+00
2144.00000 1.662420198E+00
2145.00000 1.662425594E+00
2146.00000 1.662430975E+00
2147.00000 1.662436342E+00
2148.00000 1.662441694E+00
2149.00000 1.662447031E+00
2150.00000 1.662452353E+00
2151.00000 1.662457660E+00
2152.00000 1.662462953E+00
2153.00000 1.662468232E+00
2154.00000 1.662473496E+00
2155.00000 1.662478745E+00
2156.00000 1.662483980E+00
2157.00000 1.662489201E+00
2158.00000 1.662494407E+00
2159.00000 1.662499599E+00
2160.00000 1.662504777E+00
2161.00000 1.662509941E+00
2162.00000 1.662515091E+00
2163.00000 1.662520226E+00
2164.00000 1.662525348E+00
2165.00000 1.662530455E+00
2166.00000 1.662535549E+00
2167.00000 1.662540628E+00
2168.00000 1.662545694E+00
2169.00000 1.662550746E+00
2170.00000 1.662555784E+00
2171.00000 1.662560809E+00
2172.00000 1.662565820E+00
2173.00000 1.662570817E+00
2174.00000 1.662575801E+00
2175.00000 1.662580771E+00
2176.00000 1.662585728E+00
2177.00000 1.662590671E+00
2178.00000 1.662595601E+00
2179.00000 1.662600517E+00
2180.00000 1.662605421E+00
2181.00000 1.662610311E+00
2182.00000 1.662615187E+00
2183.00000 1.662620051E+00
2184.00000 1.662624902E+00
2185.00000 1.662629739E+00
2186.00000 1.662634563E+00
2187.00000 1.662639375E+00
2188.00000 1.662644173E+00
2189.00000 1.662648959E+00
2190.00000 1.662653731E+00
2191.00000 1.662658491E+00
2192.00000 1.662663238E+00
2193.00000 1.662667973E+00
2194.00000 1.662672694E+00
2195.00000 1.662677403E+00
2196.00000 1.662682099E+00
2197.00000 1.662686783E+00
2198.00000 1.662691454E+00
2199.00000 1.662696113E+00
2200.00000 1.662700759E+00
2201.00000 1.662705393E+00
2202.00000 1.662710015E+00
2203.00000 1.662714624E+00
2204.00000 1.662719221E+00
2205.00000 1.662723806E+00
2206.00000 1.662728378E+00
2207.00000 1.662732938E+00
2208.00000 1.662737487E+00
2209.00000 1.662742023E+00
2210.00000 1.662746547E+00
2211.00000 1.662751059E+00
2212.00000 1.662755559E+00
2213.00000 1.662760047E+00
2214.00000 1.662764523E+00
2215.00000 1.662768987E+00
2216.00000 1.662773440E+00
2217.00000 1.662777881E+00
2218.00000 1.662782310E+00
2219.00000 1.662786727E+00
2220.00000 1.662791133E+00
2221.00000 1.662795527E+00
2222.00000 1.662799909E+00
2223.00000 1.662804280E+00
2224.00000 1.662808639E+00
2225.00000 1.662812987E+00
2226.00000 1.662817324E+00
2227.00000 1.662821649E+00
2228.00000 1.662825962E+00
2229.00000 1.662830265E+00
2230.00000 1.662834556E+00
2231.00000 1.662838836E+00
2232.00000 1.662843104E+00
2233.00000 1.662847362E+00
2234.00000 1.662851608E+00
2235.00000 1.662855843E+00
2236.00000 1.662860067E+00
2237.00000 1.662864280E+00
2238.00000 1.662868482E+00
2239.00000 1.662872673E+00
2240.00000 1.662876853E+00
2241.00000 1.662881023E+00
2242.00000 1.662885181E+00
2243.00000 1.662889328E+00
2244.00000 1.662893465E+00
2245.00000 1.662897591E+00
2246.00000 1.662901706E+00
2247.00000 1.662905811E+00
2248.00000 1.662909905E+00
2249.00000 1.662913988E+00
2250.00000 1.662918061E+00
2251.00000 1.662922123E+00
2252.00000 1.662926174E+00
2253.00000 1.662930216E+00
2254.00000 1.662934246E+00
2255.00000 1.662938266E+00
2256.00000 1.662942276E+00
2257.00000 1.662946276E+00
2258.00000 1.662950265E+00
2259.00000 1.662954244E+00
2260.00000 1.662958212E+00
2261.00000 1.662962171E+00
2262.00000 1.662966119E+00
2263.00000 1.662970057E+00
2264.00000 1.662973984E+00
2265.00000 1.662977902E+00
2266.00000 1.662981810E+00
2267.00000 1.662985708E+00
2268.00000 1.662989595E+00
2269.00000 1.662993473E+00
2270.00000 1.662997341E+00
2271.00000 1.663001198E+00
2272.00000 1.663005046E+00
2273.00000 1.663008884E+00
2274.00000 1.663012713E+00
2275.00000 1.663016531E+00
2276.00000 1.663020340E+00
2277.00000 1.663024139E+00
2278.00000 1.663027928E+00
2279.00000 1.663031708E+00
2280.00000 1.663035478E+00
2281.00000 1.663039238E+00
2282.00000 1.663042989E+00
2283.00000 1.663046730E+00
2284.00000 1.663050462E+00
2285.00000 1.663054184E+00
2286.00000 1.663057897E+00
2287.00000 1.663061601E+00
2288.00000 1.663065295E+00
2289.00000 1.663068979E+00
2290.00000 1.663072654E+00
2291.00000 1.663076320E+00
2292.00000 1.663079977E+00
2293.00000 1.663083625E+00
2294.00000 1.663087263E+00
2295.00000 1.663090892E+00
2296.00000 1.663094512E+00
2297.00000 1.663098122E+00
2298.00000 1.663101724E+00
2299.00000 1.663105316E+00
2300.00000 1.663108900E+00
2301.00000 1.663112474E+00
2302.00000 1.663116040E+00
2303.00000 1.663119596E+00
2304.00000 1.663123144E+00
2305.00000 1.663126682E+00
2306.00000 1.663130212E+00
2307.00000 1.663133733E+00
2308.00000 1.663137245E+00
2309.00000 1.663140748E+00
2310.00000 1.663144243E+00
2311.00000 1.663147728E+00
2312.00000 1.663151205E+00
2313.00000 1.663154673E+00
2314.00000 1.663158133E+00
2315.00000 1.663161584E+00
2316.00000 1.663165026E+00
2317.00000 1.663168460E+00
2318.00000 1.663171885E+00
2319.00000 1.663175302E+00
2320.00000 1.663178710E+00
2321.00000 1.663182109E+00
2322.00000 1.663185501E+00
2323.00000 1.663188883E+00
2324.00000 1.663192258E+00
2325.00000 1.663195624E+00
2326.00000 1.663198981E+00
2327.00000 1.663202330E+00
2328.00000 1.663205671E+00
2329.00000 1.663209004E+00
2330.00000 1.663212328E+00
2331.00000 1.663215644E+00
2332.00000 1.663218952E+00
2333.00000 1.663222252E+00
2334.00000 1.663225544E+00
2335.00000 1.663228827E+00
2336.00000 1.663232102E+00
2337.00000 1.663235370E+00
2338.00000 1.663238629E+00
2339.00000 1.663241880E+00
2340.00000 1.663245123E+00
2341.00000 1.663248358E+00
2342.00000 1.663251585E+00
2343.00000 1.663254805E+00
2344.00000 1.663258016E+00
2345.00000 1.663261219E+00
2346.00000 1.663264415E+00
2347.00000 1.663267603E+00
2348.00000 1.663270783E+00
2349.00000 1.663273955E+00
2350.00000 1.663277119E+00
2351.00000 1.663280275E+00
2352.00000 1.663283424E+00
2353.00000 1.663286565E+00
2354.00000 1.663289699E+00
2355.00000 1.663292825E+00
2356.00000 1.663295943E+00
2357.00000 1.663299053E+00
2358.00000 1.663302156E+00
2359.00000 1.663305252E+00
2360.00000 1.663308340E+00
2361.00000 1.663311420E+00
2362.00000 1.663314493E+00
2363.00000 1.663317558E+00
2364.00000 1.663320616E+00
2365.00000 1.663323666E+00
2366.00000 1.663326709E+00
2367.00000 1.663329745E+00
2368.00000 1.663332773E+00
2369.00000 1.663335794E+00
2370.00000 1.663338808E+00
2371.00000 1.663341814E+00
2372.00000 1.663344813E+00
2373.00000 1.663347805E+00
2374.00000 1.663350789E+00
2375.00000 1.663353767E+00
2376.00000 1.663356737E+00
2377.00000 1.663359700E+00
2378.00000 1.663362655E+00
2379.00000 1.663365604E+00
2380.00000 1.663368546E+00
2381.00000 1.663371480E+00
2382.00000 1.663374407E+00
2383.00000 1.663377328E+00
2384.00000 1.663380241E+00
2385.00000 1.663383147E+00
2386.00000 1.663386047E+00
2387.00000 1.663388939E+00
2388.00000 1.663391824E+00
2389.00000 1.663394703E+00
2390.00000 1.663397574E+00
2391.00000 1.663400439E+00
2392.00000 1.663403297E+00
2393.00000 1.663406148E+00
2394.00000 1.663408992E+00
2395.00000 1.663411829E+00
2396.00000 1.663414660E+00
2397.00000 1.663417484E+00
2398.00000 1.663420301E+00
2399.00000 1.663423111E+00
2400.00000 1.663425915E+00
2401.00000 1.663428712E+00
2402.00000 1.663431502E+00
2403.00000 1.663434286E+00
2404.00000 1.663437063E+00
2405.00000 1.663439833E+00
2406.00000 1.663442597E+00
2407.00000 1.663445354E+00
2408.00000 1.663448105E+00
2409.00000 1.663450849E+00
2410.00000 1.663453587E+00
2411.00000 1.663456318E+00
2412.00000 1.663459043E+00
2413.00000 1.663461761E+00
2414.00000 1.663464473E+00
2415.00000 1.663467178E+00
2416.00000 1.663469877E+00
2417.00000 1.663472569E+00
2418.00000 1.663475256E+00
2419.00000 1.663477936E+00
2420.00000 1.663480609E+00
2421.00000 1.663483276E+00
2422.00000 1.663485937E+00
2423.00000 1.663488592E+00
2424.00000 1.663491240E+00
2425.00000 1.663493883E+00
2426.00000 1.663496519E+00
2427.00000 1.663499148E+00
2428.00000 1.663501772E+00
2429.00000 1.663504389E+00
2430.00000 1.663507001E+00
2431.00000 1.663509606E+00
2432.00000 1.663512205E+00
2433.00000 1.663514798E+00
2434.00000 1.663517385E+00
2435.00000 1.663519965E+00
2436.00000 1.663522540E+00
2437.00000 1.663525109E+00
2438.00000 1.663527672E+00
2439.00000 1.663530228E+00
2440.00000 1.663532779E+00
2441.00000 1.663535324E+00
2442.00000 1.663537863E+00
2443.00000 1.663540396E+00
2444.00000 1.663542923E+00
2445.00000 1.663545444E+00
2446.00000 1.663547959E+00
2447.00000 1.663550469E+00
2448.00000 1.663552972E+00
2449.00000 1.663555470E+00
2450.00000 1.663557962E+00
2451.00000 1.663560448E+00
2452.00000 1.663562929E+00
2453.00000 1.663565403E+00
2454.00000 1.663567872E+00
2455.00000 1.663570335E+00
2456.00000 1.663572793E+00
2457.00000 1.663575245E+00
2458.00000 1.663577691E+00
2459.00000 1.663580131E+00
2460.00000 1.663582566E+00
2461.00000 1.663584995E+00
2462.00000 1.663587419E+00
2463.00000 1.663589837E+00
2464.00000 1.663592249E+00
2465.00000 1.663594656E+00
2466.00000 1.663597057E+00
2467.00000 1.663599453E+00
2468.00000 1.663601843E+00
2469.00000 1.663604228E+00
2470.00000 1.663606607E+00
2471.00000 1.663608981E+00
2472.00000 1.663611350E+00
2473.00000 1.663613712E+00
2474.00000 1.663616070E+00
2475.00000 1.663618422E+00
2476.00000 1.663620769E+00
2477.00000 1.663623110E+00
2478.00000 1.663625446E+00
2479.00000 1.663627776E+00
2480.00000 1.663630102E+00
2481.00000 1.663632422E+00
2482.00000 1.663634736E+00
2483.00000 1.663637046E+00
2484.00000 1.663639350E+00
2485.00000 1.663641648E+00
2486.00000 1.663643942E+00
2487.00000 1.663646230E+00
2488.00000 1.663648513E+00
2489.00000 1.663650791E+00
2490.00000 1.663653064E+00
2491.00000 1.663655332E+00
2492.00000 1.663657594E+00
2493.00000 1.663659851E+00
2494.00000 1.663662103E+00
2495.00000 1.663664350E+00
2496.00000 1.663666592E+00
2497.00000 1.663668829E+00
2498.00000 1.663671061E+00
2499.00000 1.663673287E+00
2500.00000 1.663675509E+00
2501.00000 1.663677726E+00
2502.00000 1.663679937E+00
2503.00000 1.663682144E+00
2504.00000 1.663684345E+00
2505.00000 1.663686542E+00
2506.00000 1.663688734E+00
2507.00000 1.663690920E+00
2508.00000 1.663693102E+00
2509.00000 1.663695279E+00
2510.00000 1.663697451E+00
2511.00000 1.663699618E+00
2512.00000 1.663701780E+00
2513.00000 1.663703937E+00
2514.00000 1.663706090E+00
2515.00000 1.663708237E+00
2516.00000 1.663710380E+00
2517.00000 1.663712518E+00
2518.00000 1.663714651E+00
2519.00000 1.663716780E+00
2520.00000 1.663718903E+00
2521.00000 1.663721022E+00
2522.00000 1.663723136E+00
2523.00000 1.663725246E+00
2524.00000 1.663727350E+00
2525.00000 1.663729450E+00
2526.00000 1.663731545E+00
2527.00000 1.663733636E+00
2528.00000 1.663735722E+00
2529.00000 1.663737803E+00
2530.00000 1.663739880E+00
2531.00000 1.663741951E+00
2532.00000 1.663744019E+00
2533.00000 1.663746082E+00
2534.00000 1.663748140E+00
2535.00000 1.663750193E+00
2536.00000 1.663752242E+00
2537.00000 1.663754287E+00
2538.00000 1.663756326E+00
2539.00000 1.663758362E+00
2540.00000 1.663760392E+00
2541.00000 1.663762419E+00
2542.00000 1.663764441E+00
2543.00000 1.663766458E+00
2544.00000 1.663768471E+00
2545.00000 1.663770479E+00
2546.00000 1.663772483E+00
2547.00000 1.663774483E+00
2548.00000 1.663776478E+00
2549.00000 1.663778468E+00
2550.00000 1.663780455E+00
2551.00000 1.663782436E+00
2552.00000 1.663784414E+00
2553.00000 1.663786387E+00
2554.00000 1.663788356E+00
2555.00000 1.663790320E+00
2556.00000 1.663792280E+00
2557.00000 1.663794236E+00
2558.00000 1.663796188E+00
2559.00000 1.663798135E+00
2560.00000 1.663800078E+00
2561.00000 1.663802016E+00
2562.00000 1.663803951E+00
2563.00000 1.663805881E+00
2564.00000 1.663807807E+00
2565.00000 1.663809729E+00
2566.00000 1.663811646E+00
2567.00000 1.663813559E+00
2568.00000 1.663815468E+00
2569.00000 1.663817373E+00
2570.00000 1.663819274E+00
2571.00000 1.663821170E+00
2572.00000 1.663823063E+00
2573.00000 1.663824951E+00
2574.00000 1.663826835E+00
2575.00000 1.663828715E+00
2576.00000 1.663830591E+00
2577.00000 1.663832463E+00
2578.00000 1.663834331E+00
2579.00000 1.663836194E+00
2580.00000 1.663838054E+00
2581.00000 1.663839910E+00
2582.00000 1.663841761E+00
2583.00000 1.663843609E+00
2584.00000 1.663845452E+00
2585.00000 1.663847292E+00
2586.00000 1.663849127E+00
2587.00000 1.663850959E+00
2588.00000 1.663852786E+00
2589.00000 1.663854610E+00
2590.00000 1.663856429E+00
2591.00000 1.663858245E+00
2592.00000 1.663860057E+00
2593.00000 1.663861864E+00
2594.00000 1.663863668E+00
2595.00000 1.663865468E+00
2596.00000 1.663867264E+00
2597.00000 1.663869057E+00
2598.00000 1.663870845E+00
2599.00000 1.663872629E+00
2600.00000 1.663874410E+00
2601.00000 1.663876187E+00
2602.00000 1.663877960E+00
2603.00000 1.663879729E+00
2604.00000 1.663881494E+00
2605.00000 1.663883256E+00
2606.00000 1.663885014E+00
2607.00000 1.663886768E+00
2608.00000 1.663888518E+00
2609.00000 1.663890264E+00
2610.00000 1.663892007E+00
2611.00000 1.663893746E+00
2612.00000 1.663895481E+00
2613.00000 1.663897213E+00
2614.00000 1.663898940E+00
2615.00000 1.663900664E+00
2616.00000 1.663902385E+00
2617.00000 1.663904102E+00
2618.00000 1.663905815E+00
2619.00000 1.663907524E+00
2620.00000 1.663909230E+00
2621.00000 1.663910932E+00
2622.00000 1.663912630E+00
2623.00000 1.663914325E+00
2624.00000 1.663916016E+00
2625.00000 1.663917704E+00
2626.00000 1.663919388E+00
2627.00000 1.663921068E+00
2628.00000 1.663922745E+00
2629.00000 1.663924418E+00
2630.00000 1.663926088E+00
2631.00000 1.663927754E+00
2632.00000 1.663929417E+00
2633.00000 1.663931076E+00
2634.00000 1.663932731E+00
2635.00000 1.663934383E+00
2636.00000 1.663936032E+00
2637.00000 1.663937677E+00
2638.00000 1.663939318E+00
2639.00000 1.663940957E+00
2640.00000 1.663942591E+00
2641.00000 1.663944222E+00
2642.00000 1.663945850E+00
2643.00000 1.663947474E+00
2644.00000 1.663949095E+00
2645.00000 1.663950712E+00
2646.00000 1.663952326E+00
2647.00000 1.663953937E+00
2648.00000 1.663955544E+00
2649.00000 1.663957148E+00
2650.00000 1.663958748E+00
2651.00000 1.663960345E+00
2652.00000 1.663961939E+00
2653.00000 1.663963529E+00
2654.00000 1.663965116E+00
2655.00000 1.663966700E+00
2656.00000 1.663968280E+00
2657.00000 1.663969857E+00
2658.00000 1.663971431E+00
2659.00000 1.663973001E+00
2660.00000 1.663974568E+00
2661.00000 1.663976132E+00
2662.00000 1.663977693E+00
2663.00000 1.663979250E+00
2664.00000 1.663980804E+00
2665.00000 1.663982355E+00
2666.00000 1.663983902E+00
2667.00000 1.663985446E+00
2668.00000 1.663986987E+00
2669.00000 1.663988525E+00
2670.00000 1.663990060E+00
2671.00000 1.663991591E+00
2672.00000 1.663993119E+00
2673.00000 1.663994644E+00
2674.00000 1.663996166E+00
2675.00000 1.663997685E+00
2676.00000 1.663999200E+00
2677.00000 1.664000713E+00
2678.00000 1.664002222E+00
2679.00000 1.664003728E+00
2680.00000 1.664005231E+00
2681.00000 1.664006731E+00
2682.00000 1.664008227E+00
2683.00000 1.664009721E+00
2684.00000 1.664011211E+00
2685.00000 1.664012699E+00
2686.00000 1.664014183E+00
2687.00000 1.664015664E+00
2688.00000 1.664017142E+00
2689.00000 1.664018617E+00
2690.00000 1.664020089E+00
2691.00000 1.664021558E+00
2692.00000 1.664023024E+00
2693.00000 1.664024487E+00
2694.00000 1.664025947E+00
2695.00000 1.664027404E+00
2696.00000 1.664028858E+00
2697.00000 1.664030309E+00
2698.00000 1.664031757E+00
2699.00000 1.664033202E+00
2700.00000 1.664034644E+00
2701.00000 1.664036083E+00
2702.00000 1.664037519E+00
2703.00000 1.664038952E+00
2704.00000 1.664040382E+00
2705.00000 1.664041809E+00
2706.00000 1.664043233E+00
2707.00000 1.664044654E+00
2708.00000 1.664046073E+00
2709.00000 1.664047488E+00
2710.00000 1.664048901E+00
2711.00000 1.664050310E+00
2712.00000 1.664051717E+00
2713.00000 1.664053121E+00
2714.00000 1.664054522E+00
2715.00000 1.664055920E+00
2716.00000 1.664057316E+00
2717.00000 1.664058708E+00
2718.00000 1.664060098E+00
2719.00000 1.664061484E+00
2720.00000 1.664062868E+00
2721.00000 1.664064250E+00
2722.00000 1.664065628E+00
2723.00000 1.664067003E+00
2724.00000 1.664068376E+00
2725.00000 1.664069746E+00
2726.00000 1.664071113E+00
2727.00000 1.664072477E+00
2728.00000 1.664073839E+00
2729.00000 1.664075198E+00
2730.00000 1.664076554E+00
2731.00000 1.664077907E+00
2732.00000 1.664079257E+00
2733.00000 1.664080605E+00
2734.00000 1.664081950E+00
2735.00000 1.664083292E+00
2736.00000 1.664084632E+00
2737.00000 1.664085969E+00
2738.00000 1.664087303E+00
2739.00000 1.664088634E+00
2740.00000 1.664089963E+00
2741.00000 1.664091289E+00
2742.00000 1.664092613E+00
2743.00000 1.664093933E+00
2744.00000 1.664095251E+00
2745.00000 1.664096567E+00
2746.00000 1.664097879E+00
2747.00000 1.664099190E+00
2748.00000 1.664100497E+00
2749.00000 1.664101802E+00
2750.00000 1.664103104E+00
2751.00000 1.664104404E+00
2752.00000 1.664105700E+00
2753.00000 1.664106995E+00
2754.00000 1.664108287E+00
2755.00000 1.664109576E+00
2756.00000 1.664110862E+00
2757.00000 1.664112146E+00
2758.00000 1.664113427E+00
2759.00000 1.664114706E+00
2760.00000 1.664115983E+00
2761.00000 1.664117256E+00
2762.00000 1.664118527E+00
2763.00000 1.664119796E+00
2764.00000 1.664121062E+00
2765.00000 1.664122325E+00
2766.00000 1.664123586E+00
2767.00000 1.664124845E+00
2768.00000 1.664126101E+00
2769.00000 1.664127354E+00
2770.00000 1.664128605E+00
2771.00000 1.664129854E+00
2772.00000 1.664131100E+00
2773.00000 1.664132343E+00
2774.00000 1.664133584E+00
2775.00000 1.664134822E+00
2776.00000 1.664136058E+00
2777.00000 1.664137292E+00
2778.00000 1.664138523E+00
2779.00000 1.664139752E+00
2780.00000 1.664140978E+00
2781.00000 1.664142202E+00
2782.00000 1.664143423E+00
2783.00000 1.664144642E+00
2784.00000 1.664145859E+00
2785.00000 1.664147073E+00
2786.00000 1.664148284E+00
2787.00000 1.664149494E+00
2788.00000 1.664150701E+00
2789.00000 1.664151905E+00
2790.00000 1.664153107E+00
2791.00000 1.664154307E+00
2792.00000 1.664155504E+00
2793.00000 1.664156699E+00
2794.00000 1.664157892E+00
2795.00000 1.664159082E+00
2796.00000 1.664160270E+00
2797.00000 1.664161456E+00
2798.00000 1.664162639E+00
2799.00000 1.664163820E+00
2800.00000 1.664164998E+00
2801.00000 1.664166175E+00
2802.00000 1.664167349E+00
2803.00000 1.664168520E+00
2804.00000 1.664169689E+00
2805.00000 1.664170856E+00
2806.00000 1.664172021E+00
2807.00000 1.664173184E+00
2808.00000 1.664174344E+00
2809.00000 1.664175502E+00
2810.00000 1.664176657E+00
2811.00000 1.664177811E+00
2812.00000 1.664178962E+00
2813.00000 1.664180110E+00
2814.00000 1.664181257E+00
2815.00000 1.664182401E+00
2816.00000 1.664183543E+00
2817.00000 1.664184683E+00
2818.00000 1.664185821E+00
2819.00000 1.664186956E+00
2820.00000 1.664188089E+00
2821.00000 1.664189220E+00
2822.00000 1.664190349E+00
2823.00000 1.664191476E+00
2824.00000 1.664192600E+00
2825.00000 1.664193722E+00
2826.00000 1.664194842E+00
2827.00000 1.664195960E+00
2828.00000 1.664197075E+00
2829.00000 1.664198189E+00
2830.00000 1.664199300E+00
2831.00000 1.664200409E+00
2832.00000 1.664201516E+00
2833.00000 1.664202621E+00
2834.00000 1.664203724E+00
2835.00000 1.664204824E+00
2836.00000 1.664205922E+00
2837.00000 1.664207019E+00
2838.00000 1.664208113E+00
2839.00000 1.664209205E+00
2840.00000 1.664210295E+00
2841.00000 1.664211382E+00
2842.00000 1.664212468E+00
2843.00000 1.664213552E+00
2844.00000 1.664214633E+00
2845.00000 1.664215712E+00
2846.00000 1.664216790E+00
2847.00000 1.664217865E+00
2848.00000 1.664218938E+00
2849.00000 1.664220009E+00
2850.00000 1.664221078E+00
2851.00000 1.664222145E+00
2852.00000 1.664223210E+00
2853.00000 1.664224272E+00
2854.00000 1.664225333E+00
2855.00000 1.664226392E+00
2856.00000 1.664227449E+00
2857.00000 1.664228503E+00
2858.00000 1.664229556E+00
2859.00000 1.664230606E+00
2860.00000 1.664231655E+00
2861.00000 1.664232701E+00
2862.00000 1.664233746E+00
2863.00000 1.664234789E+00
2864.00000 1.664235829E+00
2865.00000 1.664236868E+00
2866.00000 1.664237904E+00
2867.00000 1.664238939E+00
2868.00000 1.664239971E+00
2869.00000 1.664241002E+00
2870.00000 1.664242031E+00
2871.00000 1.664243057E+00
2872.00000 1.664244082E+00
2873.00000 1.664245105E+00
2874.00000 1.664246125E+00
2875.00000 1.664247144E+00
2876.00000 1.664248161E+00
2877.00000 1.664249176E+00
2878.00000 1.664250189E+00
2879.00000 1.664251200E+00
2880.00000 1.664252209E+00
2881.00000 1.664253217E+00
2882.00000 1.664254222E+00
2883.00000 1.664255225E+00
2884.00000 1.664256227E+00
2885.00000 1.664257226E+00
2886.00000 1.664258224E+00
2887.00000 1.664259220E+00
2888.00000 1.664260214E+00
2889.00000 1.664261206E+00
2890.00000 1.664262196E+00
2891.00000 1.664263184E+00
2892.00000 1.664264170E+00
2893.00000 1.664265155E+00
2894.00000 1.664266137E+00
2895.00000 1.664267118E+00
2896.00000 1.664268097E+00
2897.00000 1.664269074E+00
2898.00000 1.664270049E+00
2899.00000 1.664271023E+00
2900.00000 1.664271994E+00
2901.00000 1.664272964E+00
2902.00000 1.664273932E+00
2903.00000 1.664274898E+00
2904.00000 1.664275862E+00
2905.00000 1.664276824E+00
2906.00000 1.664277785E+00
2907.00000 1.664278744E+00
2908.00000 1.664279701E+00
2909.00000 1.664280656E+00
2910.00000 1.664281609E+00
2911.00000 1.664282561E+00
2912.00000 1.664283511E+00
2913.00000 1.664284459E+00
2914.00000 1.664285405E+00
2915.00000 1.664286349E+00
2916.00000 1.664287292E+00
2917.00000 1.664288233E+00
2918.00000 1.664289172E+00
2919.00000 1.664290109E+00
2920.00000 1.664291045E+00
2921.00000 1.664291979E+00
2922.00000 1.664292911E+00
2923.00000 1.664293841E+00
2924.00000 1.664294770E+00
2925.00000 1.664295697E+00
2926.00000 1.664296622E+00
2927.00000 1.664297545E+00
2928.00000 1.664298467E+00
2929.00000 1.664299387E+00
2930.00000 1.664300305E+00
2931.00000 1.664301221E+00
2932.00000 1.664302136E+00
2933.00000 1.664303049E+00
2934.00000 1.664303961E+00
2935.00000 1.664304870E+00
2936.00000 1.664305778E+00
2937.00000 1.664306685E+00
2938.00000 1.664307589E+00
2939.00000 1.664308492E+00
2940.00000 1.664309394E+00
2941.00000 1.664310293E+00
2942.00000 1.664311191E+00
2943.00000 1.664312087E+00
2944.00000 1.664312982E+00
2945.00000 1.664313875E+00
2946.00000 1.664314766E+00
2947.00000 1.664315656E+00
2948.00000 1.664316544E+00
2949.00000 1.664317430E+00
2950.00000 1.664318315E+00
2951.00000 1.664319198E+00
2952.00000 1.664320079E+00
2953.00000 1.664320959E+00
2954.00000 1.664321837E+00
2955.00000 1.664322714E+00
2956.00000 1.664323588E+00
2957.00000 1.664324462E+00
2958.00000 1.664325333E+00
2959.00000 1.664326203E+00
2960.00000 1.664327072E+00
2961.00000 1.664327939E+00
2962.00000 1.664328804E+00
2963.00000 1.664329668E+00
2964.00000 1.664330530E+00
2965.00000 1.664331390E+00
2966.00000 1.664332249E+00
2967.00000 1.664333106E+00
2968.00000 1.664333962E+00
2969.00000 1.664334816E+00
2970.00000 1.664335669E+00
2971.00000 1.664336520E+00
2972.00000 1.664337369E+00
2973.00000 1.664338217E+00
2974.00000 1.664339064E+00
2975.00000 1.664339909E+00
2976.00000 1.664340752E+00
2977.00000 1.664341593E+00
2978.00000 1.664342434E+00
2979.00000 1.664343272E+00
2980.00000 1.664344109E+00
2981.00000 1.664344945E+00
2982.00000 1.664345779E+00
2983.00000 1.664346611E+00
2984.00000 1.664347442E+00
2985.00000 1.664348272E+00
2986.00000 1.664349100E+00
2987.00000 1.664349926E+00
2988.00000 1.664350751E+00
2989.00000 1.664351575E+00
2990.00000 1.664352397E+00
2991.00000 1.664353217E+00
2992.00000 1.664354036E+00
2993.00000 1.664354853E+00
2994.00000 1.664355669E+00
2995.00000 1.664356484E+00
2996.00000 1.664357297E+00
2997.00000 1.664358108E+00
2998.00000 1.664358918E+00
2999.00000 1.664359727E+00
3000.00000 1.664360534E+00 
