 200.00000 4.204669769E+00
 201.00000 4.204525703E+00
 202.00000 4.204380913E+00
 203.00000 4.204235398E+00
 204.00000 4.204089157E+00
 205.00000 4.203942191E+00
 206.00000 4.203794500E+00
 207.00000 4.203646084E+00
 208.00000 4.203496942E+00
 209.00000 4.203347074E+00
 210.00000 4.203196480E+00
 211.00000 4.203045161E+00
 212.00000 4.202893116E+00
 213.00000 4.202740344E+00
 214.00000 4.202586847E+00
 215.00000 4.202432623E+00
 216.00000 4.202277673E+00
 217.00000 4.202121996E+00
 218.00000 4.201965593E+00
 219.00000 4.201808463E+00
 220.00000 4.201650606E+00
 221.00000 4.201492023E+00
 222.00000 4.201332712E+00
 223.00000 4.201172675E+00
 224.00000 4.201011910E+00
 225.00000 4.200850418E+00
 226.00000 4.200688199E+00
 227.00000 4.200525252E+00
 228.00000 4.200361577E+00
 229.00000 4.200197175E+00
 230.00000 4.200032045E+00
 231.00000 4.199866187E+00
 232.00000 4.199699600E+00
 233.00000 4.199532286E+00
 234.00000 4.199364243E+00
 235.00000 4.199195472E+00
 236.00000 4.199025973E+00
 237.00000 4.198855745E+00
 238.00000 4.198684788E+00
 239.00000 4.198513102E+00
 240.00000 4.198340688E+00
 241.00000 4.198167544E+00
 242.00000 4.197993671E+00
 243.00000 4.197819069E+00
 244.00000 4.197643737E+00
 245.00000 4.197467676E+00
 246.00000 4.197290885E+00
 247.00000 4.197113365E+00
 248.00000 4.196935114E+00
 249.00000 4.196756134E+00
 250.00000 4.196576423E+00
 251.00000 4.196395983E+00
 252.00000 4.196214812E+00
 253.00000 4.196032910E+00
 254.00000 4.195850278E+00
 255.00000 4.195666915E+00
 256.00000 4.195482821E+00
 257.00000 4.195297996E+00
 258.00000 4.195112441E+00
 259.00000 4.194926154E+00
 260.00000 4.194739135E+00
 261.00000 4.194551385E+00
 262.00000 4.194362904E+00
 263.00000 4.194173691E+00
 264.00000 4.193983746E+00
 265.00000 4.193793069E+00
 266.00000 4.193601660E+00
 267.00000 4.193409519E+00
 268.00000 4.193216646E+00
 269.00000 4.193023040E+00
 270.00000 4.192828701E+00
 271.00000 4.192633630E+00
 272.00000 4.192437826E+00
 273.00000 4.192241289E+00
 274.00000 4.192044019E+00
 275.00000 4.191846016E+00
 276.00000 4.191647279E+00
 277.00000 4.191447809E+00
 278.00000 4.191247605E+00
 279.00000 4.191046667E+00
 280.00000 4.190844996E+00
 281.00000 4.190642590E+00
 282.00000 4.190439451E+00
 283.00000 4.190235577E+00
 284.00000 4.190030968E+00
 285.00000 4.189825625E+00
 286.00000 4.189619547E+00
 287.00000 4.189412735E+00
 288.00000 4.189205187E+00
 289.00000 4.188996905E+00
 290.00000 4.188787887E+00
 291.00000 4.188578134E+00
 292.00000 4.188367645E+00
 293.00000 4.188156421E+00
 294.00000 4.187944460E+00
 295.00000 4.187731764E+00
 296.00000 4.187518332E+00
 297.00000 4.187304164E+00
 298.00000 4.187089259E+00
 299.00000 4.186873618E+00
 300.00000 4.186657240E+00
 301.00000 4.186440125E+00
 302.00000 4.186222273E+00
 303.00000 4.186003684E+00
 304.00000 4.185784358E+00
 305.00000 4.185564295E+00
 306.00000 4.185343494E+00
 307.00000 4.185121956E+00
 308.00000 4.184899679E+00
 309.00000 4.184676665E+00
 310.00000 4.184452913E+00
 311.00000 4.184228422E+00
 312.00000 4.184003193E+00
 313.00000 4.183777225E+00
 314.00000 4.183550519E+00
 315.00000 4.183323074E+00
 316.00000 4.183094890E+00
 317.00000 4.182865967E+00
 318.00000 4.182636304E+00
 319.00000 4.182405902E+00
 320.00000 4.182174761E+00
 321.00000 4.181942880E+00
 322.00000 4.181710259E+00
 323.00000 4.181476897E+00
 324.00000 4.181242796E+00
 325.00000 4.181007954E+00
 326.00000 4.180772372E+00
 327.00000 4.180536049E+00
 328.00000 4.180298985E+00
 329.00000 4.180061180E+00
 330.00000 4.179822634E+00
 331.00000 4.179583347E+00
 332.00000 4.179343319E+00
 333.00000 4.179102548E+00
 334.00000 4.178861036E+00
 335.00000 4.178618782E+00
 336.00000 4.178375786E+00
 337.00000 4.178132048E+00
 338.00000 4.177887567E+00
 339.00000 4.177642344E+00
 340.00000 4.177396378E+00
 341.00000 4.177149669E+00
 342.00000 4.176902217E+00
 343.00000 4.176654022E+00
 344.00000 4.176405084E+00
 345.00000 4.176155402E+00
 346.00000 4.175904976E+00
 347.00000 4.175653806E+00
 348.00000 4.175401893E+00
 349.00000 4.175149235E+00
 350.00000 4.174895833E+00
 351.00000 4.174641686E+00
 352.00000 4.174386795E+00
 353.00000 4.174131158E+00
 354.00000 4.173874777E+00
 355.00000 4.173617650E+00
 356.00000 4.173359779E+00
 357.00000 4.173101161E+00
 358.00000 4.172841798E+00
 359.00000 4.172581689E+00
 360.00000 4.172320834E+00
 361.00000 4.172059232E+00
 362.00000 4.171796885E+00
 363.00000 4.171533790E+00
 364.00000 4.171269949E+00
 365.00000 4.171005362E+00
 366.00000 4.170740027E+00
 367.00000 4.170473944E+00
 368.00000 4.170207115E+00
 369.00000 4.169939537E+00
 370.00000 4.169671212E+00
 371.00000 4.169402139E+00
 372.00000 4.169132318E+00
 373.00000 4.168861748E+00
 374.00000 4.168590430E+00
 375.00000 4.168318364E+00
 376.00000 4.168045548E+00
 377.00000 4.167771984E+00
 378.00000 4.167497670E+00
 379.00000 4.167222607E+00
 380.00000 4.166946794E+00
 381.00000 4.166670232E+00
 382.00000 4.166392919E+00
 383.00000 4.166114857E+00
 384.00000 4.165836044E+00
 385.00000 4.165556481E+00
 386.00000 4.165276167E+00
 387.00000 4.164995102E+00
 388.00000 4.164713286E+00
 389.00000 4.164430719E+00
 390.00000 4.164147401E+00
 391.00000 4.163863331E+00
 392.00000 4.163578509E+00
 393.00000 4.163292936E+00
 394.00000 4.163006610E+00
 395.00000 4.162719532E+00
 396.00000 4.162431701E+00
 397.00000 4.162143118E+00
 398.00000 4.161853782E+00
 399.00000 4.161563692E+00
 400.00000 4.161272850E+00
 401.00000 4.160981254E+00
 402.00000 4.160688904E+00
 403.00000 4.160395801E+00
 404.00000 4.160101943E+00
 405.00000 4.159807331E+00
 406.00000 4.159511965E+00
 407.00000 4.159215845E+00
 408.00000 4.158918969E+00
 409.00000 4.158621338E+00
 410.00000 4.158322953E+00
 411.00000 4.158023811E+00
 412.00000 4.157723915E+00
 413.00000 4.157423262E+00
 414.00000 4.157121854E+00
 415.00000 4.156819689E+00
 416.00000 4.156516768E+00
 417.00000 4.156213091E+00
 418.00000 4.155908656E+00
 419.00000 4.155603465E+00
 420.00000 4.155297517E+00
 421.00000 4.154990811E+00
 422.00000 4.154683347E+00
 423.00000 4.154375126E+00
 424.00000 4.154066147E+00
 425.00000 4.153756410E+00
 426.00000 4.153445914E+00
 427.00000 4.153134660E+00
 428.00000 4.152822647E+00
 429.00000 4.152509875E+00
 430.00000 4.152196344E+00
 431.00000 4.151882054E+00
 432.00000 4.151567004E+00
 433.00000 4.151251194E+00
 434.00000 4.150934624E+00
 435.00000 4.150617294E+00
 436.00000 4.150299204E+00
 437.00000 4.149980353E+00
 438.00000 4.149660741E+00
 439.00000 4.149340368E+00
 440.00000 4.149019234E+00
 441.00000 4.148697338E+00
 442.00000 4.148374681E+00
 443.00000 4.148051262E+00
 444.00000 4.147727081E+00
 445.00000 4.147402137E+00
 446.00000 4.147076431E+00
 447.00000 4.146749962E+00
 448.00000 4.146422731E+00
 449.00000 4.146094736E+00
 450.00000 4.145765978E+00
 451.00000 4.145436456E+00
 452.00000 4.145106171E+00
 453.00000 4.144775122E+00
 454.00000 4.144443308E+00
 455.00000 4.144110730E+00
 456.00000 4.143777387E+00
 457.00000 4.143443280E+00
 458.00000 4.143108407E+00
 459.00000 4.142772769E+00
 460.00000 4.142436366E+00
 461.00000 4.142099197E+00
 462.00000 4.141761262E+00
 463.00000 4.141422561E+00
 464.00000 4.141083093E+00
 465.00000 4.140742859E+00
 466.00000 4.140401858E+00
 467.00000 4.140060090E+00
 468.00000 4.139717554E+00
 469.00000 4.139374252E+00
 470.00000 4.139030181E+00
 471.00000 4.138685343E+00
 472.00000 4.138339736E+00
 473.00000 4.137993361E+00
 474.00000 4.137646218E+00
 475.00000 4.137298305E+00
 476.00000 4.136949624E+00
 477.00000 4.136600173E+00
 478.00000 4.136249953E+00
 479.00000 4.135898963E+00
 480.00000 4.135547203E+00
 481.00000 4.135194673E+00
 482.00000 4.134841372E+00
 483.00000 4.134487301E+00
 484.00000 4.134132459E+00
 485.00000 4.133776846E+00
 486.00000 4.133420461E+00
 487.00000 4.133063305E+00
 488.00000 4.132705378E+00
 489.00000 4.132346678E+00
 490.00000 4.131987206E+00
 491.00000 4.131626961E+00
 492.00000 4.131265944E+00
 493.00000 4.130904154E+00
 494.00000 4.130541590E+00
 495.00000 4.130178253E+00
 496.00000 4.129814143E+00
 497.00000 4.129449258E+00
 498.00000 4.129083600E+00
 499.00000 4.128717167E+00
 500.00000 4.128349960E+00
 501.00000 4.127981977E+00
 502.00000 4.127613220E+00
 503.00000 4.127243687E+00
 504.00000 4.126873379E+00
 505.00000 4.126502295E+00
 506.00000 4.126130435E+00
 507.00000 4.125757798E+00
 508.00000 4.125384386E+00
 509.00000 4.125010196E+00
 510.00000 4.124635230E+00
 511.00000 4.124259486E+00
 512.00000 4.123882964E+00
 513.00000 4.123505666E+00
 514.00000 4.123127589E+00
 515.00000 4.122748733E+00
 516.00000 4.122369100E+00
 517.00000 4.121988688E+00
 518.00000 4.121607496E+00
 519.00000 4.121225526E+00
 520.00000 4.120842776E+00
 521.00000 4.120459247E+00
 522.00000 4.120074938E+00
 523.00000 4.119689848E+00
 524.00000 4.119303978E+00
 525.00000 4.118917327E+00
 526.00000 4.118529896E+00
 527.00000 4.118141683E+00
 528.00000 4.117752689E+00
 529.00000 4.117362914E+00
 530.00000 4.116972356E+00
 531.00000 4.116581016E+00
 532.00000 4.116188894E+00
 533.00000 4.115795989E+00
 534.00000 4.115402301E+00
 535.00000 4.115007830E+00
 536.00000 4.114612576E+00
 537.00000 4.114216538E+00
 538.00000 4.113819716E+00
 539.00000 4.113422110E+00
 540.00000 4.113023720E+00
 541.00000 4.112624544E+00
 542.00000 4.112224584E+00
 543.00000 4.111823839E+00
 544.00000 4.111422308E+00
 545.00000 4.111019992E+00
 546.00000 4.110616889E+00
 547.00000 4.110213001E+00
 548.00000 4.109808325E+00
 549.00000 4.109402863E+00
 550.00000 4.108996614E+00
 551.00000 4.108589578E+00
 552.00000 4.108181755E+00
 553.00000 4.107773143E+00
 554.00000 4.107363743E+00
 555.00000 4.106953556E+00
 556.00000 4.106542579E+00
 557.00000 4.106130814E+00
 558.00000 4.105718259E+00
 559.00000 4.105304916E+00
 560.00000 4.104890782E+00
 561.00000 4.104475859E+00
 562.00000 4.104060146E+00
 563.00000 4.103643642E+00
 564.00000 4.103226347E+00
 565.00000 4.102808262E+00
 566.00000 4.102389385E+00
 567.00000 4.101969717E+00
 568.00000 4.101549257E+00
 569.00000 4.101128005E+00
 570.00000 4.100705961E+00
 571.00000 4.100283124E+00
 572.00000 4.099859495E+00
 573.00000 4.099435072E+00
 574.00000 4.099009856E+00
 575.00000 4.098583847E+00
 576.00000 4.098157043E+00
 577.00000 4.097729445E+00
 578.00000 4.097301053E+00
 579.00000 4.096871866E+00
 580.00000 4.096441884E+00
 581.00000 4.096011107E+00
 582.00000 4.095579534E+00
 583.00000 4.095147166E+00
 584.00000 4.094714001E+00
 585.00000 4.094280040E+00
 586.00000 4.093845282E+00
 587.00000 4.093409728E+00
 588.00000 4.092973376E+00
 589.00000 4.092536226E+00
 590.00000 4.092098279E+00
 591.00000 4.091659534E+00
 592.00000 4.091219991E+00
 593.00000 4.090779649E+00
 594.00000 4.090338508E+00
 595.00000 4.089896568E+00
 596.00000 4.089453829E+00
 597.00000 4.089010290E+00
 598.00000 4.088565951E+00
 599.00000 4.088120811E+00
 600.00000 4.087674872E+00
 601.00000 4.087228131E+00
 602.00000 4.086780589E+00
 603.00000 4.086332246E+00
 604.00000 4.085883101E+00
 605.00000 4.085433154E+00
 606.00000 4.084982405E+00
 607.00000 4.084530853E+00
 608.00000 4.084078498E+00
 609.00000 4.083625341E+00
 610.00000 4.083171380E+00
 611.00000 4.082716615E+00
 612.00000 4.082261046E+00
 613.00000 4.081804674E+00
 614.00000 4.081347496E+00
 615.00000 4.080889514E+00
 616.00000 4.080430726E+00
 617.00000 4.079971133E+00
 618.00000 4.079510735E+00
 619.00000 4.079049530E+00
 620.00000 4.078587520E+00
 621.00000 4.078124702E+00
 622.00000 4.077661078E+00
 623.00000 4.077196646E+00
 624.00000 4.076731408E+00
 625.00000 4.076265361E+00
 626.00000 4.075798506E+00
 627.00000 4.075330843E+00
 628.00000 4.074862372E+00
 629.00000 4.074393091E+00
 630.00000 4.073923001E+00
 631.00000 4.073452102E+00
 632.00000 4.072980393E+00
 633.00000 4.072507874E+00
 634.00000 4.072034544E+00
 635.00000 4.071560404E+00
 636.00000 4.071085453E+00
 637.00000 4.070609690E+00
 638.00000 4.070133116E+00
 639.00000 4.069655730E+00
 640.00000 4.069177531E+00
 641.00000 4.068698521E+00
 642.00000 4.068218697E+00
 643.00000 4.067738060E+00
 644.00000 4.067256610E+00
 645.00000 4.066774347E+00
 646.00000 4.066291269E+00
 647.00000 4.065807377E+00
 648.00000 4.065322670E+00
 649.00000 4.064837148E+00
 650.00000 4.064350812E+00
 651.00000 4.063863659E+00
 652.00000 4.063375691E+00
 653.00000 4.062886907E+00
 654.00000 4.062397306E+00
 655.00000 4.061906889E+00
 656.00000 4.061415654E+00
 657.00000 4.060923602E+00
 658.00000 4.060430733E+00
 659.00000 4.059937045E+00
 660.00000 4.059442540E+00
 661.00000 4.058947215E+00
 662.00000 4.058451072E+00
 663.00000 4.057954109E+00
 664.00000 4.057456327E+00
 665.00000 4.056957726E+00
 666.00000 4.056458304E+00
 667.00000 4.055958061E+00
 668.00000 4.055456998E+00
 669.00000 4.054955114E+00
 670.00000 4.054452408E+00
 671.00000 4.053948881E+00
 672.00000 4.053444532E+00
 673.00000 4.052939360E+00
 674.00000 4.052433366E+00
 675.00000 4.051926548E+00
 676.00000 4.051418908E+00
 677.00000 4.050910444E+00
 678.00000 4.050401156E+00
 679.00000 4.049891043E+00
 680.00000 4.049380107E+00
 681.00000 4.048868345E+00
 682.00000 4.048355758E+00
 683.00000 4.047842346E+00
 684.00000 4.047328108E+00
 685.00000 4.046813043E+00
 686.00000 4.046297153E+00
 687.00000 4.045780435E+00
 688.00000 4.045262891E+00
 689.00000 4.044744519E+00
 690.00000 4.044225319E+00
 691.00000 4.043705291E+00
 692.00000 4.043184435E+00
 693.00000 4.042662750E+00
 694.00000 4.042140237E+00
 695.00000 4.041616893E+00
 696.00000 4.041092721E+00
 697.00000 4.040567718E+00
 698.00000 4.040041885E+00
 699.00000 4.039515221E+00
 700.00000 4.038987726E+00
 701.00000 4.038459400E+00
 702.00000 4.037930242E+00
 703.00000 4.037400253E+00
 704.00000 4.036869431E+00
 705.00000 4.036337776E+00
 706.00000 4.035805289E+00
 707.00000 4.035271968E+00
 708.00000 4.034737814E+00
 709.00000 4.034202826E+00
 710.00000 4.033667003E+00
 711.00000 4.033130346E+00
 712.00000 4.032592855E+00
 713.00000 4.032054527E+00
 714.00000 4.031515365E+00
 715.00000 4.030975366E+00
 716.00000 4.030434531E+00
 717.00000 4.029892860E+00
 718.00000 4.029350352E+00
 719.00000 4.028807006E+00
 720.00000 4.028262823E+00
 721.00000 4.027717802E+00
 722.00000 4.027171943E+00
 723.00000 4.026625245E+00
 724.00000 4.026077709E+00
 725.00000 4.025529333E+00
 726.00000 4.024980117E+00
 727.00000 4.024430062E+00
 728.00000 4.023879166E+00
 729.00000 4.023327430E+00
 730.00000 4.022774853E+00
 731.00000 4.022221435E+00
 732.00000 4.021667175E+00
 733.00000 4.021112073E+00
 734.00000 4.020556129E+00
 735.00000 4.019999342E+00
 736.00000 4.019441712E+00
 737.00000 4.018883239E+00
 738.00000 4.018323922E+00
 739.00000 4.017763762E+00
 740.00000 4.017202757E+00
 741.00000 4.016640907E+00
 742.00000 4.016078212E+00
 743.00000 4.015514672E+00
 744.00000 4.014950287E+00
 745.00000 4.014385055E+00
 746.00000 4.013818977E+00
 747.00000 4.013252052E+00
 748.00000 4.012684280E+00
 749.00000 4.012115660E+00
 750.00000 4.011546193E+00
 751.00000 4.010975878E+00
 752.00000 4.010404714E+00
 753.00000 4.009832702E+00
 754.00000 4.009259840E+00
 755.00000 4.008686129E+00
 756.00000 4.008111568E+00
 757.00000 4.007536157E+00
 758.00000 4.006959895E+00
 759.00000 4.006382783E+00
 760.00000 4.005804819E+00
 761.00000 4.005226003E+00
 762.00000 4.004646336E+00
 763.00000 4.004065816E+00
 764.00000 4.003484444E+00
 765.00000 4.002902219E+00
 766.00000 4.002319140E+00
 767.00000 4.001735207E+00
 768.00000 4.001150421E+00
 769.00000 4.000564780E+00
 770.00000 3.999978284E+00
 771.00000 3.999390934E+00
 772.00000 3.998802727E+00
 773.00000 3.998213665E+00
 774.00000 3.997623747E+00
 775.00000 3.997032972E+00
 776.00000 3.996441341E+00
 777.00000 3.995848852E+00
 778.00000 3.995255505E+00
 779.00000 3.994661301E+00
 780.00000 3.994066238E+00
 781.00000 3.993470316E+00
 782.00000 3.992873536E+00
 783.00000 3.992275896E+00
 784.00000 3.991677396E+00
 785.00000 3.991078036E+00
 786.00000 3.990477816E+00
 787.00000 3.989876735E+00
 788.00000 3.989274793E+00
 789.00000 3.988671989E+00
 790.00000 3.988068323E+00
 791.00000 3.987463795E+00
 792.00000 3.986858404E+00
 793.00000 3.986252150E+00
 794.00000 3.985645033E+00
 795.00000 3.985037052E+00
 796.00000 3.984428207E+00
 797.00000 3.983818498E+00
 798.00000 3.983207924E+00
 799.00000 3.982596484E+00
 800.00000 3.981984179E+00
 801.00000 3.981371008E+00
 802.00000 3.980756971E+00
 803.00000 3.980142067E+00
 804.00000 3.979526296E+00
 805.00000 3.978909658E+00
 806.00000 3.978292152E+00
 807.00000 3.977673778E+00
 808.00000 3.977054535E+00
 809.00000 3.976434424E+00
 810.00000 3.975813443E+00
 811.00000 3.975191593E+00
 812.00000 3.974568872E+00
 813.00000 3.973945282E+00
 814.00000 3.973320820E+00
 815.00000 3.972695488E+00
 816.00000 3.972069284E+00
 817.00000 3.971442208E+00
 818.00000 3.970814260E+00
 819.00000 3.970185440E+00
 820.00000 3.969555746E+00
 821.00000 3.968925180E+00
 822.00000 3.968293739E+00
 823.00000 3.967661425E+00
 824.00000 3.967028236E+00
 825.00000 3.966394172E+00
 826.00000 3.965759233E+00
 827.00000 3.965123419E+00
 828.00000 3.964486728E+00
 829.00000 3.963849161E+00
 830.00000 3.963210718E+00
 831.00000 3.962571398E+00
 832.00000 3.961931200E+00
 833.00000 3.961290124E+00
 834.00000 3.960648170E+00
 835.00000 3.960005338E+00
 836.00000 3.959361626E+00
 837.00000 3.958717035E+00
 838.00000 3.958071565E+00
 839.00000 3.957425214E+00
 840.00000 3.956777983E+00
 841.00000 3.956129871E+00
 842.00000 3.955480878E+00
 843.00000 3.954831004E+00
 844.00000 3.954180247E+00
 845.00000 3.953528608E+00
 846.00000 3.952876086E+00
 847.00000 3.952222681E+00
 848.00000 3.951568393E+00
 849.00000 3.950913220E+00
 850.00000 3.950257163E+00
 851.00000 3.949600222E+00
 852.00000 3.948942396E+00
 853.00000 3.948283684E+00
 854.00000 3.947624086E+00
 855.00000 3.946963602E+00
 856.00000 3.946302232E+00
 857.00000 3.945639975E+00
 858.00000 3.944976830E+00
 859.00000 3.944312797E+00
 860.00000 3.943647877E+00
 861.00000 3.942982067E+00
 862.00000 3.942315369E+00
 863.00000 3.941647782E+00
 864.00000 3.940979305E+00
 865.00000 3.940309938E+00
 866.00000 3.939639680E+00
 867.00000 3.938968532E+00
 868.00000 3.938296492E+00
 869.00000 3.937623561E+00
 870.00000 3.936949737E+00
 871.00000 3.936275022E+00
 872.00000 3.935599413E+00
 873.00000 3.934922911E+00
 874.00000 3.934245516E+00
 875.00000 3.933567227E+00
 876.00000 3.932888043E+00
 877.00000 3.932207965E+00
 878.00000 3.931526991E+00
 879.00000 3.930845122E+00
 880.00000 3.930162357E+00
 881.00000 3.929478696E+00
 882.00000 3.928794138E+00
 883.00000 3.928108682E+00
 884.00000 3.927422330E+00
 885.00000 3.926735079E+00
 886.00000 3.926046930E+00
 887.00000 3.925357883E+00
 888.00000 3.924667936E+00
 889.00000 3.923977090E+00
 890.00000 3.923285344E+00
 891.00000 3.922592697E+00
 892.00000 3.921899150E+00
 893.00000 3.921204702E+00
 894.00000 3.920509353E+00
 895.00000 3.919813101E+00
 896.00000 3.919115947E+00
 897.00000 3.918417891E+00
 898.00000 3.917718932E+00
 899.00000 3.917019069E+00
 900.00000 3.916318302E+00
 901.00000 3.915616631E+00
 902.00000 3.914914055E+00
 903.00000 3.914210574E+00
 904.00000 3.913506188E+00
 905.00000 3.912800896E+00
 906.00000 3.912094698E+00
 907.00000 3.911387593E+00
 908.00000 3.910679581E+00
 909.00000 3.909970661E+00
 910.00000 3.909260834E+00
 911.00000 3.908550098E+00
 912.00000 3.907838454E+00
 913.00000 3.907125900E+00
 914.00000 3.906412437E+00
 915.00000 3.905698064E+00
 916.00000 3.904982781E+00
 917.00000 3.904266587E+00
 918.00000 3.903549482E+00
 919.00000 3.902831466E+00
 920.00000 3.902112538E+00
 921.00000 3.901392697E+00
 922.00000 3.900671943E+00
 923.00000 3.899950277E+00
 924.00000 3.899227697E+00
 925.00000 3.898504203E+00
 926.00000 3.897779795E+00
 927.00000 3.897054471E+00
 928.00000 3.896328233E+00
 929.00000 3.895601079E+00
 930.00000 3.894873009E+00
 931.00000 3.894144023E+00
 932.00000 3.893414120E+00
 933.00000 3.892683300E+00
 934.00000 3.891951562E+00
 935.00000 3.891218906E+00
 936.00000 3.890485332E+00
 937.00000 3.889750839E+00
 938.00000 3.889015427E+00
 939.00000 3.888279095E+00
 940.00000 3.887541842E+00
 941.00000 3.886803670E+00
 942.00000 3.886064576E+00
 943.00000 3.885324561E+00
 944.00000 3.884583625E+00
 945.00000 3.883841766E+00
 946.00000 3.883098985E+00
 947.00000 3.882355281E+00
 948.00000 3.881610653E+00
 949.00000 3.880865102E+00
 950.00000 3.880118627E+00
 951.00000 3.879371226E+00
 952.00000 3.878622901E+00
 953.00000 3.877873651E+00
 954.00000 3.877123474E+00
 955.00000 3.876372372E+00
 956.00000 3.875620342E+00
 957.00000 3.874867386E+00
 958.00000 3.874113502E+00
 959.00000 3.873358690E+00
 960.00000 3.872602949E+00
 961.00000 3.871846280E+00
 962.00000 3.871088682E+00
 963.00000 3.870330154E+00
 964.00000 3.869570697E+00
 965.00000 3.868810308E+00
 966.00000 3.868048989E+00
 967.00000 3.867286739E+00
 968.00000 3.866523557E+00
 969.00000 3.865759443E+00
 970.00000 3.864994396E+00
 971.00000 3.864228417E+00
 972.00000 3.863461504E+00
 973.00000 3.862693657E+00
 974.00000 3.861924876E+00
 975.00000 3.861155161E+00
 976.00000 3.860384510E+00
 977.00000 3.859612924E+00
 978.00000 3.858840403E+00
 979.00000 3.858066945E+00
 980.00000 3.857292550E+00
 981.00000 3.856517218E+00
 982.00000 3.855740948E+00
 983.00000 3.854963741E+00
 984.00000 3.854185595E+00
 985.00000 3.853406510E+00
 986.00000 3.852626486E+00
 987.00000 3.851845523E+00
 988.00000 3.851063619E+00
 989.00000 3.850280775E+00
 990.00000 3.849496990E+00
 991.00000 3.848712264E+00
 992.00000 3.847926596E+00
 993.00000 3.847139985E+00
 994.00000 3.846352432E+00
 995.00000 3.845563936E+00
 996.00000 3.844774497E+00
 997.00000 3.843984113E+00
 998.00000 3.843192786E+00
 999.00000 3.842400513E+00
1000.00000 3.841607296E+00
1001.00000 3.840813132E+00
1002.00000 3.840018023E+00
1003.00000 3.839221968E+00
1004.00000 3.838424965E+00
1005.00000 3.837627015E+00
1006.00000 3.836828118E+00
1007.00000 3.836028272E+00
1008.00000 3.835227478E+00
1009.00000 3.834425735E+00
1010.00000 3.833623042E+00
1011.00000 3.832819400E+00
1012.00000 3.832014807E+00
1013.00000 3.831209264E+00
1014.00000 3.830402769E+00
1015.00000 3.829595323E+00
1016.00000 3.828786925E+00
1017.00000 3.827977574E+00
1018.00000 3.827167271E+00
1019.00000 3.826356015E+00
1020.00000 3.825543804E+00
1021.00000 3.824730640E+00
1022.00000 3.823916521E+00
1023.00000 3.823101447E+00
1024.00000 3.822285418E+00
1025.00000 3.821468432E+00
1026.00000 3.820650491E+00
1027.00000 3.819831593E+00
1028.00000 3.819011738E+00
1029.00000 3.818190925E+00
1030.00000 3.817369154E+00
1031.00000 3.816546425E+00
1032.00000 3.815722737E+00
1033.00000 3.814898090E+00
1034.00000 3.814072483E+00
1035.00000 3.813245915E+00
1036.00000 3.812418388E+00
1037.00000 3.811589899E+00
1038.00000 3.810760449E+00
1039.00000 3.809930037E+00
1040.00000 3.809098662E+00
1041.00000 3.808266325E+00
1042.00000 3.807433025E+00
1043.00000 3.806598761E+00
1044.00000 3.805763534E+00
1045.00000 3.804927341E+00
1046.00000 3.804090184E+00
1047.00000 3.803252062E+00
1048.00000 3.802412974E+00
1049.00000 3.801572919E+00
1050.00000 3.800731898E+00
1051.00000 3.799889910E+00
1052.00000 3.799046955E+00
1053.00000 3.798203032E+00
1054.00000 3.797358140E+00
1055.00000 3.796512279E+00
1056.00000 3.795665450E+00
1057.00000 3.794817650E+00
1058.00000 3.793968881E+00
1059.00000 3.793119141E+00
1060.00000 3.792268430E+00
1061.00000 3.791416748E+00
1062.00000 3.790564094E+00
1063.00000 3.789710467E+00
1064.00000 3.788855868E+00
1065.00000 3.788000296E+00
1066.00000 3.787143751E+00
1067.00000 3.786286231E+00
1068.00000 3.785427737E+00
1069.00000 3.784568268E+00
1070.00000 3.783707824E+00
1071.00000 3.782846404E+00
1072.00000 3.781984008E+00
1073.00000 3.781120635E+00
1074.00000 3.780256285E+00
1075.00000 3.779390958E+00
1076.00000 3.778524653E+00
1077.00000 3.777657370E+00
1078.00000 3.776789108E+00
1079.00000 3.775919866E+00
1080.00000 3.775049645E+00
1081.00000 3.774178444E+00
1082.00000 3.773306263E+00
1083.00000 3.772433100E+00
1084.00000 3.771558956E+00
1085.00000 3.770683830E+00
1086.00000 3.769807722E+00
1087.00000 3.768930632E+00
1088.00000 3.768052558E+00
1089.00000 3.767173501E+00
1090.00000 3.766293459E+00
1091.00000 3.765412433E+00
1092.00000 3.764530423E+00
1093.00000 3.763647427E+00
1094.00000 3.762763445E+00
1095.00000 3.761878477E+00
1096.00000 3.760992522E+00
1097.00000 3.760105581E+00
1098.00000 3.759217652E+00
1099.00000 3.758328735E+00
1100.00000 3.757438829E+00
1101.00000 3.756547935E+00
1102.00000 3.755656052E+00
1103.00000 3.754763179E+00
1104.00000 3.753869315E+00
1105.00000 3.752974462E+00
1106.00000 3.752078617E+00
1107.00000 3.751181781E+00
1108.00000 3.750283953E+00
1109.00000 3.749385132E+00
1110.00000 3.748485319E+00
1111.00000 3.747584513E+00
1112.00000 3.746682713E+00
1113.00000 3.745779919E+00
1114.00000 3.744876131E+00
1115.00000 3.743971348E+00
1116.00000 3.743065569E+00
1117.00000 3.742158795E+00
1118.00000 3.741251024E+00
1119.00000 3.740342257E+00
1120.00000 3.739432492E+00
1121.00000 3.738521730E+00
1122.00000 3.737609970E+00
1123.00000 3.736697212E+00
1124.00000 3.735783455E+00
1125.00000 3.734868698E+00
1126.00000 3.733952942E+00
1127.00000 3.733036186E+00
1128.00000 3.732118429E+00
1129.00000 3.731199671E+00
1130.00000 3.730279911E+00
1131.00000 3.729359150E+00
1132.00000 3.728437386E+00
1133.00000 3.727514619E+00
1134.00000 3.726590849E+00
1135.00000 3.725666076E+00
1136.00000 3.724740298E+00
1137.00000 3.723813516E+00
1138.00000 3.722885729E+00
1139.00000 3.721956937E+00
1140.00000 3.721027138E+00
1141.00000 3.720096334E+00
1142.00000 3.719164523E+00
1143.00000 3.718231704E+00
1144.00000 3.717297878E+00
1145.00000 3.716363044E+00
1146.00000 3.715427201E+00
1147.00000 3.714490350E+00
1148.00000 3.713552489E+00
1149.00000 3.712613619E+00
1150.00000 3.711673738E+00
1151.00000 3.710732846E+00
1152.00000 3.709790944E+00
1153.00000 3.708848030E+00
1154.00000 3.707904104E+00
1155.00000 3.706959166E+00
1156.00000 3.706013215E+00
1157.00000 3.705066250E+00
1158.00000 3.704118272E+00
1159.00000 3.703169280E+00
1160.00000 3.702219273E+00
1161.00000 3.701268251E+00
1162.00000 3.700316214E+00
1163.00000 3.699363161E+00
1164.00000 3.698409091E+00
1165.00000 3.697454005E+00
1166.00000 3.696497902E+00
1167.00000 3.695540781E+00
1168.00000 3.694582642E+00
1169.00000 3.693623484E+00
1170.00000 3.692663308E+00
1171.00000 3.691702112E+00
1172.00000 3.690739897E+00
1173.00000 3.689776661E+00
1174.00000 3.688812405E+00
1175.00000 3.687847127E+00
1176.00000 3.686880828E+00
1177.00000 3.685913507E+00
1178.00000 3.684945164E+00
1179.00000 3.683975798E+00
1180.00000 3.683005409E+00
1181.00000 3.682033995E+00
1182.00000 3.681061558E+00
1183.00000 3.680088097E+00
1184.00000 3.679113610E+00
1185.00000 3.678138098E+00
1186.00000 3.677161560E+00
1187.00000 3.676183995E+00
1188.00000 3.675205404E+00
1189.00000 3.674225786E+00
1190.00000 3.673245141E+00
1191.00000 3.672263467E+00
1192.00000 3.671280765E+00
1193.00000 3.670297034E+00
1194.00000 3.669312274E+00
1195.00000 3.668326484E+00
1196.00000 3.667339663E+00
1197.00000 3.666351813E+00
1198.00000 3.665362931E+00
1199.00000 3.664373018E+00
1200.00000 3.663382072E+00
1201.00000 3.662390095E+00
1202.00000 3.661397085E+00
1203.00000 3.660403042E+00
1204.00000 3.659407965E+00
1205.00000 3.658411854E+00
1206.00000 3.657414708E+00
1207.00000 3.656416528E+00
1208.00000 3.655417312E+00
1209.00000 3.654417061E+00
1210.00000 3.653415773E+00
1211.00000 3.652413449E+00
1212.00000 3.651410088E+00
1213.00000 3.650405689E+00
1214.00000 3.649400253E+00
1215.00000 3.648393778E+00
1216.00000 3.647386265E+00
1217.00000 3.646377712E+00
1218.00000 3.645368120E+00
1219.00000 3.644357487E+00
1220.00000 3.643345815E+00
1221.00000 3.642333101E+00
1222.00000 3.641319346E+00
1223.00000 3.640304550E+00
1224.00000 3.639288711E+00
1225.00000 3.638271830E+00
1226.00000 3.637253905E+00
1227.00000 3.636234938E+00
1228.00000 3.635214926E+00
1229.00000 3.634193871E+00
1230.00000 3.633171770E+00
1231.00000 3.632148625E+00
1232.00000 3.631124434E+00
1233.00000 3.630099197E+00
1234.00000 3.629072913E+00
1235.00000 3.628045583E+00
1236.00000 3.627017206E+00
1237.00000 3.625987781E+00
1238.00000 3.624957308E+00
1239.00000 3.623925786E+00
1240.00000 3.622893216E+00
1241.00000 3.621859596E+00
1242.00000 3.620824927E+00
1243.00000 3.619789207E+00
1244.00000 3.618752437E+00
1245.00000 3.617714616E+00
1246.00000 3.616675743E+00
1247.00000 3.615635819E+00
1248.00000 3.614594842E+00
1249.00000 3.613552813E+00
1250.00000 3.612509731E+00
1251.00000 3.611465595E+00
1252.00000 3.610420405E+00
1253.00000 3.609374161E+00
1254.00000 3.608326862E+00
1255.00000 3.607278508E+00
1256.00000 3.606229098E+00
1257.00000 3.605178633E+00
1258.00000 3.604127111E+00
1259.00000 3.603074532E+00
1260.00000 3.602020896E+00
1261.00000 3.600966203E+00
1262.00000 3.599910451E+00
1263.00000 3.598853641E+00
1264.00000 3.597795772E+00
1265.00000 3.596736843E+00
1266.00000 3.595676855E+00
1267.00000 3.594615807E+00
1268.00000 3.593553699E+00
1269.00000 3.592490529E+00
1270.00000 3.591426298E+00
1271.00000 3.590361005E+00
1272.00000 3.589294651E+00
1273.00000 3.588227233E+00
1274.00000 3.587158753E+00
1275.00000 3.586089209E+00
1276.00000 3.585018602E+00
1277.00000 3.583946930E+00
1278.00000 3.582874193E+00
1279.00000 3.581800392E+00
1280.00000 3.580725525E+00
1281.00000 3.579649593E+00
1282.00000 3.578572594E+00
1283.00000 3.577494528E+00
1284.00000 3.576415396E+00
1285.00000 3.575335196E+00
1286.00000 3.574253928E+00
1287.00000 3.573171592E+00
1288.00000 3.572088188E+00
1289.00000 3.571003714E+00
1290.00000 3.569918171E+00
1291.00000 3.568831558E+00
1292.00000 3.567743874E+00
1293.00000 3.566655121E+00
1294.00000 3.565565296E+00
1295.00000 3.564474399E+00
1296.00000 3.563382431E+00
1297.00000 3.562289391E+00
1298.00000 3.561195278E+00
1299.00000 3.560100091E+00
1300.00000 3.559003832E+00
1301.00000 3.557906498E+00
1302.00000 3.556808091E+00
1303.00000 3.555708609E+00
1304.00000 3.554608051E+00
1305.00000 3.553506419E+00
1306.00000 3.552403710E+00
1307.00000 3.551299926E+00
1308.00000 3.550195065E+00
1309.00000 3.549089126E+00
1310.00000 3.547982111E+00
1311.00000 3.546874018E+00
1312.00000 3.545764846E+00
1313.00000 3.544654596E+00
1314.00000 3.543543267E+00
1315.00000 3.542430859E+00
1316.00000 3.541317371E+00
1317.00000 3.540202803E+00
1318.00000 3.539087155E+00
1319.00000 3.537970426E+00
1320.00000 3.536852615E+00
1321.00000 3.535733723E+00
1322.00000 3.534613749E+00
1323.00000 3.533492692E+00
1324.00000 3.532370553E+00
1325.00000 3.531247330E+00
1326.00000 3.530123024E+00
1327.00000 3.528997634E+00
1328.00000 3.527871160E+00
1329.00000 3.526743601E+00
1330.00000 3.525614957E+00
1331.00000 3.524485228E+00
1332.00000 3.523354412E+00
1333.00000 3.522222511E+00
1334.00000 3.521089523E+00
1335.00000 3.519955448E+00
1336.00000 3.518820286E+00
1337.00000 3.517684035E+00
1338.00000 3.516546697E+00
1339.00000 3.515408271E+00
1340.00000 3.514268756E+00
1341.00000 3.513128151E+00
1342.00000 3.511986457E+00
1343.00000 3.510843673E+00
1344.00000 3.509699798E+00
1345.00000 3.508554833E+00
1346.00000 3.507408777E+00
1347.00000 3.506261630E+00
1348.00000 3.505113391E+00
1349.00000 3.503964059E+00
1350.00000 3.502813635E+00
1351.00000 3.501662119E+00
1352.00000 3.500509509E+00
1353.00000 3.499355805E+00
1354.00000 3.498201007E+00
1355.00000 3.497045115E+00
1356.00000 3.495888129E+00
1357.00000 3.494730047E+00
1358.00000 3.493570870E+00
1359.00000 3.492410597E+00
1360.00000 3.491249228E+00
1361.00000 3.490086763E+00
1362.00000 3.488923200E+00
1363.00000 3.487758541E+00
1364.00000 3.486592784E+00
1365.00000 3.485425929E+00
1366.00000 3.484257975E+00
1367.00000 3.483088923E+00
1368.00000 3.481918773E+00
1369.00000 3.480747522E+00
1370.00000 3.479575173E+00
1371.00000 3.478401723E+00
1372.00000 3.477227172E+00
1373.00000 3.476051521E+00
1374.00000 3.474874769E+00
1375.00000 3.473696916E+00
1376.00000 3.472517960E+00
1377.00000 3.471337903E+00
1378.00000 3.470156743E+00
1379.00000 3.468974481E+00
1380.00000 3.467791115E+00
1381.00000 3.466606646E+00
1382.00000 3.465421073E+00
1383.00000 3.464234395E+00
1384.00000 3.463046613E+00
1385.00000 3.461857727E+00
1386.00000 3.460667735E+00
1387.00000 3.459476638E+00
1388.00000 3.458284435E+00
1389.00000 3.457091125E+00
1390.00000 3.455896709E+00
1391.00000 3.454701187E+00
1392.00000 3.453504557E+00
1393.00000 3.452306819E+00
1394.00000 3.451107974E+00
1395.00000 3.449908021E+00
1396.00000 3.448706959E+00
1397.00000 3.447504788E+00
1398.00000 3.446301508E+00
1399.00000 3.445097118E+00
1400.00000 3.443891619E+00
1401.00000 3.442685010E+00
1402.00000 3.441477290E+00
1403.00000 3.440268459E+00
1404.00000 3.439058517E+00
1405.00000 3.437847464E+00
1406.00000 3.436635299E+00
1407.00000 3.435422022E+00
1408.00000 3.434207633E+00
1409.00000 3.432992130E+00
1410.00000 3.431775515E+00
1411.00000 3.430557787E+00
1412.00000 3.429338945E+00
1413.00000 3.428118989E+00
1414.00000 3.426897918E+00
1415.00000 3.425675734E+00
1416.00000 3.424452434E+00
1417.00000 3.423228019E+00
1418.00000 3.422002488E+00
1419.00000 3.420775842E+00
1420.00000 3.419548080E+00
1421.00000 3.418319201E+00
1422.00000 3.417089205E+00
1423.00000 3.415858093E+00
1424.00000 3.414625863E+00
1425.00000 3.413392516E+00
1426.00000 3.412158050E+00
1427.00000 3.410922467E+00
1428.00000 3.409685764E+00
1429.00000 3.408447944E+00
1430.00000 3.407209004E+00
1431.00000 3.405968944E+00
1432.00000 3.404727765E+00
1433.00000 3.403485466E+00
1434.00000 3.402242046E+00
1435.00000 3.400997507E+00
1436.00000 3.399751846E+00
1437.00000 3.398505064E+00
1438.00000 3.397257160E+00
1439.00000 3.396008135E+00
1440.00000 3.394757988E+00
1441.00000 3.393506719E+00
1442.00000 3.392254327E+00
1443.00000 3.391000813E+00
1444.00000 3.389746175E+00
1445.00000 3.388490414E+00
1446.00000 3.387233529E+00
1447.00000 3.385975520E+00
1448.00000 3.384716387E+00
1449.00000 3.383456129E+00
1450.00000 3.382194747E+00
1451.00000 3.380932240E+00
1452.00000 3.379668607E+00
1453.00000 3.378403849E+00
1454.00000 3.377137965E+00
1455.00000 3.375870955E+00
1456.00000 3.374602819E+00
1457.00000 3.373333556E+00
1458.00000 3.372063166E+00
1459.00000 3.370791649E+00
1460.00000 3.369519005E+00
1461.00000 3.368245233E+00
1462.00000 3.366970333E+00
1463.00000 3.365694304E+00
1464.00000 3.364417148E+00
1465.00000 3.363138862E+00
1466.00000 3.361859448E+00
1467.00000 3.360578905E+00
1468.00000 3.359297232E+00
1469.00000 3.358014430E+00
1470.00000 3.356730497E+00
1471.00000 3.355445435E+00
1472.00000 3.354159242E+00
1473.00000 3.352871918E+00
1474.00000 3.351583464E+00
1475.00000 3.350293878E+00
1476.00000 3.349003161E+00
1477.00000 3.347711312E+00
1478.00000 3.346418332E+00
1479.00000 3.345124220E+00
1480.00000 3.343828975E+00
1481.00000 3.342532597E+00
1482.00000 3.341235087E+00
1483.00000 3.339936444E+00
1484.00000 3.338636668E+00
1485.00000 3.337335758E+00
1486.00000 3.336033715E+00
1487.00000 3.334730538E+00
1488.00000 3.333426226E+00
1489.00000 3.332120780E+00
1490.00000 3.330814200E+00
1491.00000 3.329506485E+00
1492.00000 3.328197635E+00
1493.00000 3.326887650E+00
1494.00000 3.325576529E+00
1495.00000 3.324264273E+00
1496.00000 3.322950881E+00
1497.00000 3.321636353E+00
1498.00000 3.320320689E+00
1499.00000 3.319003888E+00
1500.00000 3.317685950E+00
1501.00000 3.316366876E+00
1502.00000 3.315046665E+00
1503.00000 3.313725316E+00
1504.00000 3.312402830E+00
1505.00000 3.311079207E+00
1506.00000 3.309754445E+00
1507.00000 3.308428546E+00
1508.00000 3.307101508E+00
1509.00000 3.305773332E+00
1510.00000 3.304444018E+00
1511.00000 3.303113564E+00
1512.00000 3.301781972E+00
1513.00000 3.300449240E+00
1514.00000 3.299115369E+00
1515.00000 3.297780359E+00
1516.00000 3.296444209E+00
1517.00000 3.295106919E+00
1518.00000 3.293768489E+00
1519.00000 3.292428919E+00
1520.00000 3.291088209E+00
1521.00000 3.289746358E+00
1522.00000 3.288403366E+00
1523.00000 3.287059233E+00
1524.00000 3.285713960E+00
1525.00000 3.284367545E+00
1526.00000 3.283019989E+00
1527.00000 3.281671291E+00
1528.00000 3.280321452E+00
1529.00000 3.278970470E+00
1530.00000 3.277618347E+00
1531.00000 3.276265082E+00
1532.00000 3.274910674E+00
1533.00000 3.273555124E+00
1534.00000 3.272198431E+00
1535.00000 3.270840596E+00
1536.00000 3.269481618E+00
1537.00000 3.268121496E+00
1538.00000 3.266760232E+00
1539.00000 3.265397824E+00
1540.00000 3.264034273E+00
1541.00000 3.262669578E+00
1542.00000 3.261303740E+00
1543.00000 3.259936757E+00
1544.00000 3.258568631E+00
1545.00000 3.257199361E+00
1546.00000 3.255828946E+00
1547.00000 3.254457388E+00
1548.00000 3.253084684E+00
1549.00000 3.251710836E+00
1550.00000 3.250335844E+00
1551.00000 3.248959706E+00
1552.00000 3.247582424E+00
1553.00000 3.246203997E+00
1554.00000 3.244824424E+00
1555.00000 3.243443707E+00
1556.00000 3.242061844E+00
1557.00000 3.240678835E+00
1558.00000 3.239294681E+00
1559.00000 3.237909381E+00
1560.00000 3.236522936E+00
1561.00000 3.235135344E+00
1562.00000 3.233746607E+00
1563.00000 3.232356724E+00
1564.00000 3.230965694E+00
1565.00000 3.229573519E+00
1566.00000 3.228180196E+00
1567.00000 3.226785728E+00
1568.00000 3.225390113E+00
1569.00000 3.223993352E+00
1570.00000 3.222595444E+00
1571.00000 3.221196389E+00
1572.00000 3.219796187E+00
1573.00000 3.218394839E+00
1574.00000 3.216992344E+00
1575.00000 3.215588701E+00
1576.00000 3.214183912E+00
1577.00000 3.212777975E+00
1578.00000 3.211370892E+00
1579.00000 3.209962661E+00
1580.00000 3.208553282E+00
1581.00000 3.207142757E+00
1582.00000 3.205731084E+00
1583.00000 3.204318263E+00
1584.00000 3.202904295E+00
1585.00000 3.201489180E+00
1586.00000 3.200072917E+00
1587.00000 3.198655506E+00
1588.00000 3.197236947E+00
1589.00000 3.195817241E+00
1590.00000 3.194396387E+00
1591.00000 3.192974385E+00
1592.00000 3.191551236E+00
1593.00000 3.190126938E+00
1594.00000 3.188701493E+00
1595.00000 3.187274900E+00
1596.00000 3.185847159E+00
1597.00000 3.184418270E+00
1598.00000 3.182988233E+00
1599.00000 3.181557048E+00
1600.00000 3.180124715E+00
1601.00000 3.178691234E+00
1602.00000 3.177256605E+00
1603.00000 3.175820828E+00
1604.00000 3.174383903E+00
1605.00000 3.172945830E+00
1606.00000 3.171506610E+00
1607.00000 3.170066241E+00
1608.00000 3.168624724E+00
1609.00000 3.167182059E+00
1610.00000 3.165738246E+00
1611.00000 3.164293285E+00
1612.00000 3.162847176E+00
1613.00000 3.161399919E+00
1614.00000 3.159951514E+00
1615.00000 3.158501962E+00
1616.00000 3.157051261E+00
1617.00000 3.155599413E+00
1618.00000 3.154146417E+00
1619.00000 3.152692273E+00
1620.00000 3.151236981E+00
1621.00000 3.149780542E+00
1622.00000 3.148322955E+00
1623.00000 3.146864220E+00
1624.00000 3.145404338E+00
1625.00000 3.143943308E+00
1626.00000 3.142481131E+00
1627.00000 3.141017806E+00
1628.00000 3.139553334E+00
1629.00000 3.138087715E+00
1630.00000 3.136620948E+00
1631.00000 3.135153034E+00
1632.00000 3.133683973E+00
1633.00000 3.132213766E+00
1634.00000 3.130742411E+00
1635.00000 3.129269909E+00
1636.00000 3.127796260E+00
1637.00000 3.126321465E+00
1638.00000 3.124845522E+00
1639.00000 3.123368434E+00
1640.00000 3.121890199E+00
1641.00000 3.120410817E+00
1642.00000 3.118930289E+00
1643.00000 3.117448615E+00
1644.00000 3.115965795E+00
1645.00000 3.114481828E+00
1646.00000 3.112996716E+00
1647.00000 3.111510458E+00
1648.00000 3.110023054E+00
1649.00000 3.108534505E+00
1650.00000 3.107044810E+00
1651.00000 3.105553970E+00
1652.00000 3.104061984E+00
1653.00000 3.102568854E+00
1654.00000 3.101074578E+00
1655.00000 3.099579158E+00
1656.00000 3.098082592E+00
1657.00000 3.096584883E+00
1658.00000 3.095086028E+00
1659.00000 3.093586030E+00
1660.00000 3.092084887E+00
1661.00000 3.090582600E+00
1662.00000 3.089079169E+00
1663.00000 3.087574595E+00
1664.00000 3.086068877E+00
1665.00000 3.084562015E+00
1666.00000 3.083054011E+00
1667.00000 3.081544863E+00
1668.00000 3.080034572E+00
1669.00000 3.078523138E+00
1670.00000 3.077010562E+00
1671.00000 3.075496844E+00
1672.00000 3.073981983E+00
1673.00000 3.072465980E+00
1674.00000 3.070948835E+00
1675.00000 3.069430549E+00
1676.00000 3.067911121E+00
1677.00000 3.066390551E+00
1678.00000 3.064868841E+00
1679.00000 3.063345990E+00
1680.00000 3.061821997E+00
1681.00000 3.060296865E+00
1682.00000 3.058770592E+00
1683.00000 3.057243179E+00
1684.00000 3.055714626E+00
1685.00000 3.054184934E+00
1686.00000 3.052654102E+00
1687.00000 3.051122131E+00
1688.00000 3.049589021E+00
1689.00000 3.048054772E+00
1690.00000 3.046519384E+00
1691.00000 3.044982859E+00
1692.00000 3.043445195E+00
1693.00000 3.041906393E+00
1694.00000 3.040366454E+00
1695.00000 3.038825378E+00
1696.00000 3.037283165E+00
1697.00000 3.035739814E+00
1698.00000 3.034195328E+00
1699.00000 3.032649705E+00
1700.00000 3.031102946E+00
1701.00000 3.029555051E+00
1702.00000 3.028006021E+00
1703.00000 3.026455855E+00
1704.00000 3.024904555E+00
1705.00000 3.023352120E+00
1706.00000 3.021798551E+00
1707.00000 3.020243847E+00
1708.00000 3.018688010E+00
1709.00000 3.017131040E+00
1710.00000 3.015572936E+00
1711.00000 3.014013700E+00
1712.00000 3.012453331E+00
1713.00000 3.010891829E+00
1714.00000 3.009329196E+00
1715.00000 3.007765431E+00
1716.00000 3.006200535E+00
1717.00000 3.004634508E+00
1718.00000 3.003067350E+00
1719.00000 3.001499062E+00
1720.00000 2.999929644E+00
1721.00000 2.998359097E+00
1722.00000 2.996787420E+00
1723.00000 2.995214614E+00
1724.00000 2.993640680E+00
1725.00000 2.992065617E+00
1726.00000 2.990489427E+00
1727.00000 2.988912109E+00
1728.00000 2.987333663E+00
1729.00000 2.985754091E+00
1730.00000 2.984173393E+00
1731.00000 2.982591569E+00
1732.00000 2.981008619E+00
1733.00000 2.979424543E+00
1734.00000 2.977839343E+00
1735.00000 2.976253018E+00
1736.00000 2.974665569E+00
1737.00000 2.973076997E+00
1738.00000 2.971487301E+00
1739.00000 2.969896482E+00
1740.00000 2.968304541E+00
1741.00000 2.966711477E+00
1742.00000 2.965117292E+00
1743.00000 2.963521986E+00
1744.00000 2.961925559E+00
1745.00000 2.960328011E+00
1746.00000 2.958729344E+00
1747.00000 2.957129557E+00
1748.00000 2.955528651E+00
1749.00000 2.953926626E+00
1750.00000 2.952323483E+00
1751.00000 2.950719222E+00
1752.00000 2.949113844E+00
1753.00000 2.947507349E+00
1754.00000 2.945899738E+00
1755.00000 2.944291011E+00
1756.00000 2.942681168E+00
1757.00000 2.941070210E+00
1758.00000 2.939458138E+00
1759.00000 2.937844952E+00
1760.00000 2.936230653E+00
1761.00000 2.934615240E+00
1762.00000 2.932998715E+00
1763.00000 2.931381078E+00
1764.00000 2.929762329E+00
1765.00000 2.928142469E+00
1766.00000 2.926521499E+00
1767.00000 2.924899418E+00
1768.00000 2.923276229E+00
1769.00000 2.921651930E+00
1770.00000 2.920026523E+00
1771.00000 2.918400008E+00
1772.00000 2.916772385E+00
1773.00000 2.915143656E+00
1774.00000 2.913513821E+00
1775.00000 2.911882879E+00
1776.00000 2.910250833E+00
1777.00000 2.908617682E+00
1778.00000 2.906983427E+00
1779.00000 2.905348068E+00
1780.00000 2.903711607E+00
1781.00000 2.902074043E+00
1782.00000 2.900435378E+00
1783.00000 2.898795611E+00
1784.00000 2.897154743E+00
1785.00000 2.895512776E+00
1786.00000 2.893869709E+00
1787.00000 2.892225544E+00
1788.00000 2.890580280E+00
1789.00000 2.888933919E+00
1790.00000 2.887286460E+00
1791.00000 2.885637906E+00
1792.00000 2.883988255E+00
1793.00000 2.882337510E+00
1794.00000 2.880685670E+00
1795.00000 2.879032736E+00
1796.00000 2.877378709E+00
1797.00000 2.875723589E+00
1798.00000 2.874067378E+00
1799.00000 2.872410075E+00
1800.00000 2.870751682E+00
1801.00000 2.869092198E+00
1802.00000 2.867431626E+00
1803.00000 2.865769965E+00
1804.00000 2.864107216E+00
1805.00000 2.862443379E+00
1806.00000 2.860778457E+00
1807.00000 2.859112448E+00
1808.00000 2.857445354E+00
1809.00000 2.855777176E+00
1810.00000 2.854107914E+00
1811.00000 2.852437569E+00
1812.00000 2.850766141E+00
1813.00000 2.849093633E+00
1814.00000 2.847420043E+00
1815.00000 2.845745373E+00
1816.00000 2.844069623E+00
1817.00000 2.842392795E+00
1818.00000 2.840714889E+00
1819.00000 2.839035906E+00
1820.00000 2.837355847E+00
1821.00000 2.835674711E+00
1822.00000 2.833992501E+00
1823.00000 2.832309217E+00
1824.00000 2.830624859E+00
1825.00000 2.828939429E+00
1826.00000 2.827252927E+00
1827.00000 2.825565354E+00
1828.00000 2.823876711E+00
1829.00000 2.822186998E+00
1830.00000 2.820496217E+00
1831.00000 2.818804367E+00
1832.00000 2.817111451E+00
1833.00000 2.815417469E+00
1834.00000 2.813722421E+00
1835.00000 2.812026309E+00
1836.00000 2.810329133E+00
1837.00000 2.808630894E+00
1838.00000 2.806931594E+00
1839.00000 2.805231232E+00
1840.00000 2.803529809E+00
1841.00000 2.801827328E+00
1842.00000 2.800123787E+00
1843.00000 2.798419189E+00
1844.00000 2.796713534E+00
1845.00000 2.795006824E+00
1846.00000 2.793299058E+00
1847.00000 2.791590237E+00
1848.00000 2.789880364E+00
1849.00000 2.788169438E+00
1850.00000 2.786457461E+00
1851.00000 2.784744433E+00
1852.00000 2.783030356E+00
1853.00000 2.781315229E+00
1854.00000 2.779599055E+00
1855.00000 2.777881834E+00
1856.00000 2.776163567E+00
1857.00000 2.774444256E+00
1858.00000 2.772723900E+00
1859.00000 2.771002501E+00
1860.00000 2.769280059E+00
1861.00000 2.767556577E+00
1862.00000 2.765832055E+00
1863.00000 2.764106493E+00
1864.00000 2.762379893E+00
1865.00000 2.760652256E+00
1866.00000 2.758923582E+00
1867.00000 2.757193874E+00
1868.00000 2.755463131E+00
1869.00000 2.753731354E+00
1870.00000 2.751998546E+00
1871.00000 2.750264706E+00
1872.00000 2.748529837E+00
1873.00000 2.746793938E+00
1874.00000 2.745057011E+00
1875.00000 2.743319057E+00
1876.00000 2.741580076E+00
1877.00000 2.739840071E+00
1878.00000 2.738099042E+00
1879.00000 2.736356991E+00
1880.00000 2.734613917E+00
1881.00000 2.732869823E+00
1882.00000 2.731124709E+00
1883.00000 2.729378577E+00
1884.00000 2.727631427E+00
1885.00000 2.725883261E+00
1886.00000 2.724134080E+00
1887.00000 2.722383884E+00
1888.00000 2.720632676E+00
1889.00000 2.718880456E+00
1890.00000 2.717127225E+00
1891.00000 2.715372985E+00
1892.00000 2.713617736E+00
1893.00000 2.711861480E+00
1894.00000 2.710104218E+00
1895.00000 2.708345951E+00
1896.00000 2.706586680E+00
1897.00000 2.704826406E+00
1898.00000 2.703065131E+00
1899.00000 2.701302856E+00
1900.00000 2.699539582E+00
1901.00000 2.697775310E+00
1902.00000 2.696010041E+00
1903.00000 2.694243776E+00
1904.00000 2.692476518E+00
1905.00000 2.690708266E+00
1906.00000 2.688939023E+00
1907.00000 2.687168789E+00
1908.00000 2.685397566E+00
1909.00000 2.683625355E+00
1910.00000 2.681852157E+00
1911.00000 2.680077974E+00
1912.00000 2.678302806E+00
1913.00000 2.676526655E+00
1914.00000 2.674749522E+00
1915.00000 2.672971410E+00
1916.00000 2.671192317E+00
1917.00000 2.669412247E+00
1918.00000 2.667631201E+00
1919.00000 2.665849179E+00
1920.00000 2.664066184E+00
1921.00000 2.662282215E+00
1922.00000 2.660497276E+00
1923.00000 2.658711367E+00
1924.00000 2.656924489E+00
1925.00000 2.655136643E+00
1926.00000 2.653347832E+00
1927.00000 2.651558057E+00
1928.00000 2.649767318E+00
1929.00000 2.647975617E+00
1930.00000 2.646182957E+00
1931.00000 2.644389337E+00
1932.00000 2.642594759E+00
1933.00000 2.640799226E+00
1934.00000 2.639002737E+00
1935.00000 2.637205295E+00
1936.00000 2.635406902E+00
1937.00000 2.633607557E+00
1938.00000 2.631807264E+00
1939.00000 2.630006023E+00
1940.00000 2.628203836E+00
1941.00000 2.626400704E+00
1942.00000 2.624596629E+00
1943.00000 2.622791612E+00
1944.00000 2.620985655E+00
1945.00000 2.619178759E+00
1946.00000 2.617370926E+00
1947.00000 2.615562156E+00
1948.00000 2.613752453E+00
1949.00000 2.611941816E+00
1950.00000 2.610130249E+00
1951.00000 2.608317751E+00
1952.00000 2.606504326E+00
1953.00000 2.604689973E+00
1954.00000 2.602874696E+00
1955.00000 2.601058495E+00
1956.00000 2.599241371E+00
1957.00000 2.597423328E+00
1958.00000 2.595604365E+00
1959.00000 2.593784485E+00
1960.00000 2.591963690E+00
1961.00000 2.590141980E+00
1962.00000 2.588319358E+00
1963.00000 2.586495825E+00
1964.00000 2.584671382E+00
1965.00000 2.582846032E+00
1966.00000 2.581019776E+00
1967.00000 2.579192615E+00
1968.00000 2.577364552E+00
1969.00000 2.575535588E+00
1970.00000 2.573705724E+00
1971.00000 2.571874962E+00
1972.00000 2.570043305E+00
1973.00000 2.568210752E+00
1974.00000 2.566377308E+00
1975.00000 2.564542972E+00
1976.00000 2.562707747E+00
1977.00000 2.560871634E+00
1978.00000 2.559034636E+00
1979.00000 2.557196753E+00
1980.00000 2.555357988E+00
1981.00000 2.553518342E+00
1982.00000 2.551677818E+00
1983.00000 2.549836416E+00
1984.00000 2.547994139E+00
1985.00000 2.546150988E+00
1986.00000 2.544306966E+00
1987.00000 2.542462073E+00
1988.00000 2.540616312E+00
1989.00000 2.538769685E+00
1990.00000 2.536922193E+00
1991.00000 2.535073838E+00
1992.00000 2.533224623E+00
1993.00000 2.531374548E+00
1994.00000 2.529523616E+00
1995.00000 2.527671828E+00
1996.00000 2.525819187E+00
1997.00000 2.523965695E+00
1998.00000 2.522111352E+00
1999.00000 2.520256161E+00
2000.00000 2.518400125E+00
2001.00000 2.516543244E+00
2002.00000 2.514685521E+00
2003.00000 2.512826958E+00
2004.00000 2.510967556E+00
2005.00000 2.509107317E+00
2006.00000 2.507246245E+00
2007.00000 2.505384339E+00
2008.00000 2.503521603E+00
2009.00000 2.501658038E+00
2010.00000 2.499793647E+00
2011.00000 2.497928431E+00
2012.00000 2.496062392E+00
2013.00000 2.494195532E+00
2014.00000 2.492327853E+00
2015.00000 2.490459358E+00
2016.00000 2.488590048E+00
2017.00000 2.486719925E+00
2018.00000 2.484848992E+00
2019.00000 2.482977250E+00
2020.00000 2.481104702E+00
2021.00000 2.479231349E+00
2022.00000 2.477357193E+00
2023.00000 2.475482238E+00
2024.00000 2.473606484E+00
2025.00000 2.471729933E+00
2026.00000 2.469852589E+00
2027.00000 2.467974453E+00
2028.00000 2.466095527E+00
2029.00000 2.464215813E+00
2030.00000 2.462335313E+00
2031.00000 2.460454031E+00
2032.00000 2.458571966E+00
2033.00000 2.456689123E+00
2034.00000 2.454805503E+00
2035.00000 2.452921108E+00
2036.00000 2.451035941E+00
2037.00000 2.449150003E+00
2038.00000 2.447263296E+00
2039.00000 2.445375824E+00
2040.00000 2.443487589E+00
2041.00000 2.441598591E+00
2042.00000 2.439708834E+00
2043.00000 2.437818321E+00
2044.00000 2.435927052E+00
2045.00000 2.434035031E+00
2046.00000 2.432142260E+00
2047.00000 2.430248741E+00
2048.00000 2.428354476E+00
2049.00000 2.426459468E+00
2050.00000 2.424563719E+00
2051.00000 2.422667231E+00
2052.00000 2.420770006E+00
2053.00000 2.418872048E+00
2054.00000 2.416973358E+00
2055.00000 2.415073938E+00
2056.00000 2.413173791E+00
2057.00000 2.411272920E+00
2058.00000 2.409371327E+00
2059.00000 2.407469013E+00
2060.00000 2.405565982E+00
2061.00000 2.403662237E+00
2062.00000 2.401757778E+00
2063.00000 2.399852609E+00
2064.00000 2.397946733E+00
2065.00000 2.396040151E+00
2066.00000 2.394132866E+00
2067.00000 2.392224881E+00
2068.00000 2.390316197E+00
2069.00000 2.388406819E+00
2070.00000 2.386496747E+00
2071.00000 2.384585985E+00
2072.00000 2.382674535E+00
2073.00000 2.380762399E+00
2074.00000 2.378849580E+00
2075.00000 2.376936081E+00
2076.00000 2.375021905E+00
2077.00000 2.373107052E+00
2078.00000 2.371191528E+00
2079.00000 2.369275333E+00
2080.00000 2.367358470E+00
2081.00000 2.365440942E+00
2082.00000 2.363522752E+00
2083.00000 2.361603903E+00
2084.00000 2.359684396E+00
2085.00000 2.357764234E+00
2086.00000 2.355843421E+00
2087.00000 2.353921958E+00
2088.00000 2.351999849E+00
2089.00000 2.350077096E+00
2090.00000 2.348153702E+00
2091.00000 2.346229669E+00
2092.00000 2.344305000E+00
2093.00000 2.342379699E+00
2094.00000 2.340453766E+00
2095.00000 2.338527207E+00
2096.00000 2.336600022E+00
2097.00000 2.334672215E+00
2098.00000 2.332743788E+00
2099.00000 2.330814745E+00
2100.00000 2.328885088E+00
2101.00000 2.326954820E+00
2102.00000 2.325023943E+00
2103.00000 2.323092461E+00
2104.00000 2.321160376E+00
2105.00000 2.319227691E+00
2106.00000 2.317294410E+00
2107.00000 2.315360534E+00
2108.00000 2.313426066E+00
2109.00000 2.311491010E+00
2110.00000 2.309555369E+00
2111.00000 2.307619145E+00
2112.00000 2.305682341E+00
2113.00000 2.303744960E+00
2114.00000 2.301807005E+00
2115.00000 2.299868479E+00
2116.00000 2.297929385E+00
2117.00000 2.295989725E+00
2118.00000 2.294049503E+00
2119.00000 2.292108722E+00
2120.00000 2.290167385E+00
2121.00000 2.288225494E+00
2122.00000 2.286283053E+00
2123.00000 2.284340065E+00
2124.00000 2.282396533E+00
2125.00000 2.280452459E+00
2126.00000 2.278507846E+00
2127.00000 2.276562699E+00
2128.00000 2.274617020E+00
2129.00000 2.272670811E+00
2130.00000 2.270724076E+00
2131.00000 2.268776819E+00
2132.00000 2.266829041E+00
2133.00000 2.264880747E+00
2134.00000 2.262931940E+00
2135.00000 2.260982622E+00
2136.00000 2.259032796E+00
2137.00000 2.257082467E+00
2138.00000 2.255131636E+00
2139.00000 2.253180308E+00
2140.00000 2.251228485E+00
2141.00000 2.249276170E+00
2142.00000 2.247323367E+00
2143.00000 2.245370080E+00
2144.00000 2.243416310E+00
2145.00000 2.241462062E+00
2146.00000 2.239507338E+00
2147.00000 2.237552143E+00
2148.00000 2.235596479E+00
2149.00000 2.233640349E+00
2150.00000 2.231683757E+00
2151.00000 2.229726706E+00
2152.00000 2.227769199E+00
2153.00000 2.225811240E+00
2154.00000 2.223852832E+00
2155.00000 2.221893979E+00
2156.00000 2.219934683E+00
2157.00000 2.217974948E+00
2158.00000 2.216014778E+00
2159.00000 2.214054176E+00
2160.00000 2.212093144E+00
2161.00000 2.210131688E+00
2162.00000 2.208169810E+00
2163.00000 2.206207513E+00
2164.00000 2.204244801E+00
2165.00000 2.202281678E+00
2166.00000 2.200318146E+00
2167.00000 2.198354210E+00
2168.00000 2.196389872E+00
2169.00000 2.194425137E+00
2170.00000 2.192460008E+00
2171.00000 2.190494488E+00
2172.00000 2.188528582E+00
2173.00000 2.186562291E+00
2174.00000 2.184595621E+00
2175.00000 2.182628574E+00
2176.00000 2.180661154E+00
2177.00000 2.178693365E+00
2178.00000 2.176725210E+00
2179.00000 2.174756693E+00
2180.00000 2.172787818E+00
2181.00000 2.170818588E+00
2182.00000 2.168849007E+00
2183.00000 2.166879078E+00
2184.00000 2.164908805E+00
2185.00000 2.162938192E+00
2186.00000 2.160967243E+00
2187.00000 2.158995961E+00
2188.00000 2.157024350E+00
2189.00000 2.155052413E+00
2190.00000 2.153080155E+00
2191.00000 2.151107579E+00
2192.00000 2.149134689E+00
2193.00000 2.147161488E+00
2194.00000 2.145187981E+00
2195.00000 2.143214171E+00
2196.00000 2.141240062E+00
2197.00000 2.139265658E+00
2198.00000 2.137290963E+00
2199.00000 2.135315980E+00
2200.00000 2.133340713E+00
2201.00000 2.131365167E+00
2202.00000 2.129389345E+00
2203.00000 2.127413251E+00
2204.00000 2.125436889E+00
2205.00000 2.123460262E+00
2206.00000 2.121483375E+00
2207.00000 2.119506232E+00
2208.00000 2.117528836E+00
2209.00000 2.115551192E+00
2210.00000 2.113573304E+00
2211.00000 2.111595175E+00
2212.00000 2.109616809E+00
2213.00000 2.107638211E+00
2214.00000 2.105659384E+00
2215.00000 2.103680333E+00
2216.00000 2.101701061E+00
2217.00000 2.099721573E+00
2218.00000 2.097741873E+00
2219.00000 2.095761965E+00
2220.00000 2.093781852E+00
2221.00000 2.091801539E+00
2222.00000 2.089821030E+00
2223.00000 2.087840330E+00
2224.00000 2.085859441E+00
2225.00000 2.083878369E+00
2226.00000 2.081897118E+00
2227.00000 2.079915692E+00
2228.00000 2.077934094E+00
2229.00000 2.075952330E+00
2230.00000 2.073970403E+00
2231.00000 2.071988317E+00
2232.00000 2.070006078E+00
2233.00000 2.068023688E+00
2234.00000 2.066041153E+00
2235.00000 2.064058476E+00
2236.00000 2.062075662E+00
2237.00000 2.060092716E+00
2238.00000 2.058109640E+00
2239.00000 2.056126441E+00
2240.00000 2.054143122E+00
2241.00000 2.052159687E+00
2242.00000 2.050176141E+00
2243.00000 2.048192488E+00
2244.00000 2.046208732E+00
2245.00000 2.044224879E+00
2246.00000 2.042240932E+00
2247.00000 2.040256895E+00
2248.00000 2.038272774E+00
2249.00000 2.036288572E+00
2250.00000 2.034304295E+00
2251.00000 2.032319946E+00
2252.00000 2.030335530E+00
2253.00000 2.028351051E+00
2254.00000 2.026366515E+00
2255.00000 2.024381925E+00
2256.00000 2.022397286E+00
2257.00000 2.020412603E+00
2258.00000 2.018427880E+00
2259.00000 2.016443121E+00
2260.00000 2.014458332E+00
2261.00000 2.012473517E+00
2262.00000 2.010488680E+00
2263.00000 2.008503827E+00
2264.00000 2.006518961E+00
2265.00000 2.004534087E+00
2266.00000 2.002549210E+00
2267.00000 2.000564336E+00
2268.00000 1.998579467E+00
2269.00000 1.996594610E+00
2270.00000 1.994609768E+00
2271.00000 1.992624947E+00
2272.00000 1.990640151E+00
2273.00000 1.988655385E+00
2274.00000 1.986670654E+00
2275.00000 1.984685962E+00
2276.00000 1.982701314E+00
2277.00000 1.980716716E+00
2278.00000 1.978732171E+00
2279.00000 1.976747685E+00
2280.00000 1.974763263E+00
2281.00000 1.972778909E+00
2282.00000 1.970794628E+00
2283.00000 1.968810425E+00
2284.00000 1.966826306E+00
2285.00000 1.964842274E+00
2286.00000 1.962858335E+00
2287.00000 1.960874493E+00
2288.00000 1.958890754E+00
2289.00000 1.956907123E+00
2290.00000 1.954923605E+00
2291.00000 1.952940204E+00
2292.00000 1.950956925E+00
2293.00000 1.948973774E+00
2294.00000 1.946990755E+00
2295.00000 1.945007874E+00
2296.00000 1.943025136E+00
2297.00000 1.941042545E+00
2298.00000 1.939060107E+00
2299.00000 1.937077827E+00
2300.00000 1.935095709E+00
2301.00000 1.933113760E+00
2302.00000 1.931131984E+00
2303.00000 1.929150385E+00
2304.00000 1.927168971E+00
2305.00000 1.925187745E+00
2306.00000 1.923206712E+00
2307.00000 1.921225879E+00
2308.00000 1.919245249E+00
2309.00000 1.917264829E+00
2310.00000 1.915284623E+00
2311.00000 1.913304637E+00
2312.00000 1.911324876E+00
2313.00000 1.909345345E+00
2314.00000 1.907366050E+00
2315.00000 1.905386996E+00
2316.00000 1.903408188E+00
2317.00000 1.901429631E+00
2318.00000 1.899451331E+00
2319.00000 1.897473293E+00
2320.00000 1.895495523E+00
2321.00000 1.893518025E+00
2322.00000 1.891540806E+00
2323.00000 1.889563870E+00
2324.00000 1.887587224E+00
2325.00000 1.885610871E+00
2326.00000 1.883634819E+00
2327.00000 1.881659072E+00
2328.00000 1.879683636E+00
2329.00000 1.877708516E+00
2330.00000 1.875733717E+00
2331.00000 1.873759246E+00
2332.00000 1.871785108E+00
2333.00000 1.869811308E+00
2334.00000 1.867837852E+00
2335.00000 1.865864745E+00
2336.00000 1.863891994E+00
2337.00000 1.861919602E+00
2338.00000 1.859947577E+00
2339.00000 1.857975924E+00
2340.00000 1.856004648E+00
2341.00000 1.854033755E+00
2342.00000 1.852063251E+00
2343.00000 1.850093141E+00
2344.00000 1.848123430E+00
2345.00000 1.846154126E+00
2346.00000 1.844185233E+00
2347.00000 1.842216757E+00
2348.00000 1.840248704E+00
2349.00000 1.838281080E+00
2350.00000 1.836313889E+00
2351.00000 1.834347139E+00
2352.00000 1.832380835E+00
2353.00000 1.830414982E+00
2354.00000 1.828449587E+00
2355.00000 1.826484655E+00
2356.00000 1.824520193E+00
2357.00000 1.822556205E+00
2358.00000 1.820592698E+00
2359.00000 1.818629678E+00
2360.00000 1.816667150E+00
2361.00000 1.814705121E+00
2362.00000 1.812743597E+00
2363.00000 1.810782583E+00
2364.00000 1.808822085E+00
2365.00000 1.806862109E+00
2366.00000 1.804902662E+00
2367.00000 1.802943749E+00
2368.00000 1.800985376E+00
2369.00000 1.799027549E+00
2370.00000 1.797070275E+00
2371.00000 1.795113559E+00
2372.00000 1.793157407E+00
2373.00000 1.791201826E+00
2374.00000 1.789246821E+00
2375.00000 1.787292399E+00
2376.00000 1.785338565E+00
2377.00000 1.783385327E+00
2378.00000 1.781432689E+00
2379.00000 1.779480658E+00
2380.00000 1.777529241E+00
2381.00000 1.775578443E+00
2382.00000 1.773628271E+00
2383.00000 1.771678731E+00
2384.00000 1.769729828E+00
2385.00000 1.767781570E+00
2386.00000 1.765833963E+00
2387.00000 1.763887012E+00
2388.00000 1.761940724E+00
2389.00000 1.759995106E+00
2390.00000 1.758050163E+00
2391.00000 1.756105902E+00
2392.00000 1.754162330E+00
2393.00000 1.752219452E+00
2394.00000 1.750277275E+00
2395.00000 1.748335805E+00
2396.00000 1.746395049E+00
2397.00000 1.744455013E+00
2398.00000 1.742515704E+00
2399.00000 1.740577127E+00
2400.00000 1.738639290E+00
2401.00000 1.736702199E+00
2402.00000 1.734765860E+00
2403.00000 1.732830279E+00
2404.00000 1.730895464E+00
2405.00000 1.728961420E+00
2406.00000 1.727028155E+00
2407.00000 1.725095675E+00
2408.00000 1.723163985E+00
2409.00000 1.721233094E+00
2410.00000 1.719303007E+00
2411.00000 1.717373731E+00
2412.00000 1.715445272E+00
2413.00000 1.713517638E+00
2414.00000 1.711590835E+00
2415.00000 1.709664869E+00
2416.00000 1.707739747E+00
2417.00000 1.705815476E+00
2418.00000 1.703892062E+00
2419.00000 1.701969512E+00
2420.00000 1.700047833E+00
2421.00000 1.698127032E+00
2422.00000 1.696207115E+00
2423.00000 1.694288089E+00
2424.00000 1.692369961E+00
2425.00000 1.690452737E+00
2426.00000 1.688536425E+00
2427.00000 1.686621031E+00
2428.00000 1.684706561E+00
2429.00000 1.682793024E+00
2430.00000 1.680880425E+00
2431.00000 1.678968771E+00
2432.00000 1.677058070E+00
2433.00000 1.675148328E+00
2434.00000 1.673239552E+00
2435.00000 1.671331748E+00
2436.00000 1.669424925E+00
2437.00000 1.667519089E+00
2438.00000 1.665614246E+00
2439.00000 1.663710404E+00
2440.00000 1.661807570E+00
2441.00000 1.659905750E+00
2442.00000 1.658004952E+00
2443.00000 1.656105183E+00
2444.00000 1.654206449E+00
2445.00000 1.652308758E+00
2446.00000 1.650412117E+00
2447.00000 1.648516533E+00
2448.00000 1.646622013E+00
2449.00000 1.644728563E+00
2450.00000 1.642836192E+00
2451.00000 1.640944906E+00
2452.00000 1.639054712E+00
2453.00000 1.637165618E+00
2454.00000 1.635277630E+00
2455.00000 1.633390757E+00
2456.00000 1.631505004E+00
2457.00000 1.629620379E+00
2458.00000 1.627736890E+00
2459.00000 1.625854544E+00
2460.00000 1.623973347E+00
2461.00000 1.622093307E+00
2462.00000 1.620214432E+00
2463.00000 1.618336729E+00
2464.00000 1.616460204E+00
2465.00000 1.614584865E+00
2466.00000 1.612710720E+00
2467.00000 1.610837776E+00
2468.00000 1.608966040E+00
2469.00000 1.607095520E+00
2470.00000 1.605226223E+00
2471.00000 1.603358155E+00
2472.00000 1.601491326E+00
2473.00000 1.599625742E+00
2474.00000 1.597761410E+00
2475.00000 1.595898338E+00
2476.00000 1.594036533E+00
2477.00000 1.592176003E+00
2478.00000 1.590316756E+00
2479.00000 1.588458798E+00
2480.00000 1.586602137E+00
2481.00000 1.584746781E+00
2482.00000 1.582892738E+00
2483.00000 1.581040014E+00
2484.00000 1.579188618E+00
2485.00000 1.577338556E+00
2486.00000 1.575489837E+00
2487.00000 1.573642468E+00
2488.00000 1.571796457E+00
2489.00000 1.569951811E+00
2490.00000 1.568108538E+00
2491.00000 1.566266645E+00
2492.00000 1.564426141E+00
2493.00000 1.562587032E+00
2494.00000 1.560749327E+00
2495.00000 1.558913033E+00
2496.00000 1.557078157E+00
2497.00000 1.555244709E+00
2498.00000 1.553412694E+00
2499.00000 1.551582122E+00
2500.00000 1.549752999E+00
2501.00000 1.547925334E+00
2502.00000 1.546099134E+00
2503.00000 1.544274408E+00
2504.00000 1.542451162E+00
2505.00000 1.540629404E+00
2506.00000 1.538809144E+00
2507.00000 1.536990387E+00
2508.00000 1.535173143E+00
2509.00000 1.533357418E+00
2510.00000 1.531543222E+00
2511.00000 1.529730561E+00
2512.00000 1.527919444E+00
2513.00000 1.526109878E+00
2514.00000 1.524301872E+00
2515.00000 1.522495434E+00
2516.00000 1.520690570E+00
2517.00000 1.518887290E+00
2518.00000 1.517085601E+00
2519.00000 1.515285512E+00
2520.00000 1.513487029E+00
2521.00000 1.511690162E+00
2522.00000 1.509894918E+00
2523.00000 1.508101305E+00
2524.00000 1.506309331E+00
2525.00000 1.504519005E+00
2526.00000 1.502730334E+00
2527.00000 1.500943327E+00
2528.00000 1.499157991E+00
2529.00000 1.497374334E+00
2530.00000 1.495592366E+00
2531.00000 1.493812093E+00
2532.00000 1.492033524E+00
2533.00000 1.490256667E+00
2534.00000 1.488481531E+00
2535.00000 1.486708122E+00
2536.00000 1.484936451E+00
2537.00000 1.483166524E+00
2538.00000 1.481398350E+00
2539.00000 1.479631938E+00
2540.00000 1.477867294E+00
2541.00000 1.476104429E+00
2542.00000 1.474343349E+00
2543.00000 1.472584063E+00
2544.00000 1.470826580E+00
2545.00000 1.469070907E+00
2546.00000 1.467317053E+00
2547.00000 1.465565027E+00
2548.00000 1.463814836E+00
2549.00000 1.462066489E+00
2550.00000 1.460319994E+00
2551.00000 1.458575359E+00
2552.00000 1.456832594E+00
2553.00000 1.455091706E+00
2554.00000 1.453352703E+00
2555.00000 1.451615594E+00
2556.00000 1.449880388E+00
2557.00000 1.448147093E+00
2558.00000 1.446415716E+00
2559.00000 1.444686268E+00
2560.00000 1.442958755E+00
2561.00000 1.441233187E+00
2562.00000 1.439509572E+00
2563.00000 1.437787919E+00
2564.00000 1.436068235E+00
2565.00000 1.434350530E+00
2566.00000 1.432634812E+00
2567.00000 1.430921089E+00
2568.00000 1.429209370E+00
2569.00000 1.427499664E+00
2570.00000 1.425791978E+00
2571.00000 1.424086323E+00
2572.00000 1.422382705E+00
2573.00000 1.420681134E+00
2574.00000 1.418981619E+00
2575.00000 1.417284167E+00
2576.00000 1.415588788E+00
2577.00000 1.413895490E+00
2578.00000 1.412204282E+00
2579.00000 1.410515172E+00
2580.00000 1.408828169E+00
2581.00000 1.407143282E+00
2582.00000 1.405460519E+00
2583.00000 1.403779889E+00
2584.00000 1.402101401E+00
2585.00000 1.400425063E+00
2586.00000 1.398750884E+00
2587.00000 1.397078873E+00
2588.00000 1.395409039E+00
2589.00000 1.393741390E+00
2590.00000 1.392075934E+00
2591.00000 1.390412682E+00
2592.00000 1.388751641E+00
2593.00000 1.387092820E+00
2594.00000 1.385436228E+00
2595.00000 1.383781874E+00
2596.00000 1.382129766E+00
2597.00000 1.380479914E+00
2598.00000 1.378832326E+00
2599.00000 1.377187012E+00
2600.00000 1.375543979E+00
2601.00000 1.373903236E+00
2602.00000 1.372264794E+00
2603.00000 1.370628659E+00
2604.00000 1.368994842E+00
2605.00000 1.367363351E+00
2606.00000 1.365734195E+00
2607.00000 1.364107383E+00
2608.00000 1.362482924E+00
2609.00000 1.360860826E+00
2610.00000 1.359241100E+00
2611.00000 1.357623752E+00
2612.00000 1.356008793E+00
2613.00000 1.354396232E+00
2614.00000 1.352786077E+00
2615.00000 1.351178337E+00
2616.00000 1.349573022E+00
2617.00000 1.347970140E+00
2618.00000 1.346369700E+00
2619.00000 1.344771711E+00
2620.00000 1.343176183E+00
2621.00000 1.341583124E+00
2622.00000 1.339992543E+00
2623.00000 1.338404449E+00
2624.00000 1.336818852E+00
2625.00000 1.335235760E+00
2626.00000 1.333655182E+00
2627.00000 1.332077128E+00
2628.00000 1.330501607E+00
2629.00000 1.328928627E+00
2630.00000 1.327358197E+00
2631.00000 1.325790328E+00
2632.00000 1.324225027E+00
2633.00000 1.322662304E+00
2634.00000 1.321102168E+00
2635.00000 1.319544628E+00
2636.00000 1.317989693E+00
2637.00000 1.316437373E+00
2638.00000 1.314887676E+00
2639.00000 1.313340612E+00
2640.00000 1.311796190E+00
2641.00000 1.310254418E+00
2642.00000 1.308715307E+00
2643.00000 1.307178865E+00
2644.00000 1.305645101E+00
2645.00000 1.304114025E+00
2646.00000 1.302585645E+00
2647.00000 1.301059972E+00
2648.00000 1.299537013E+00
2649.00000 1.298016779E+00
2650.00000 1.296499279E+00
2651.00000 1.294984521E+00
2652.00000 1.293472516E+00
2653.00000 1.291963271E+00
2654.00000 1.290456797E+00
2655.00000 1.288953103E+00
2656.00000 1.287452198E+00
2657.00000 1.285954090E+00
2658.00000 1.284458791E+00
2659.00000 1.282966308E+00
2660.00000 1.281476651E+00
2661.00000 1.279989829E+00
2662.00000 1.278505851E+00
2663.00000 1.277024728E+00
2664.00000 1.275546467E+00
2665.00000 1.274071079E+00
2666.00000 1.272598573E+00
2667.00000 1.271128958E+00
2668.00000 1.269662242E+00
2669.00000 1.268198437E+00
2670.00000 1.266737550E+00
2671.00000 1.265279592E+00
2672.00000 1.263824571E+00
2673.00000 1.262372497E+00
2674.00000 1.260923379E+00
2675.00000 1.259477227E+00
2676.00000 1.258034050E+00
2677.00000 1.256593857E+00
2678.00000 1.255156658E+00
2679.00000 1.253722461E+00
2680.00000 1.252291277E+00
2681.00000 1.250863115E+00
2682.00000 1.249437984E+00
2683.00000 1.248015893E+00
2684.00000 1.246596852E+00
2685.00000 1.245180870E+00
2686.00000 1.243767957E+00
2687.00000 1.242358122E+00
2688.00000 1.240951374E+00
2689.00000 1.239547723E+00
2690.00000 1.238147178E+00
2691.00000 1.236749749E+00
2692.00000 1.235355444E+00
2693.00000 1.233964274E+00
2694.00000 1.232576248E+00
2695.00000 1.231191375E+00
2696.00000 1.229809665E+00
2697.00000 1.228431127E+00
2698.00000 1.227055770E+00
2699.00000 1.225683604E+00
2700.00000 1.224314638E+00
2701.00000 1.222948882E+00
2702.00000 1.221586346E+00
2703.00000 1.220227038E+00
2704.00000 1.218870968E+00
2705.00000 1.217518146E+00
2706.00000 1.216168580E+00
2707.00000 1.214822281E+00
2708.00000 1.213479258E+00
2709.00000 1.212139520E+00
2710.00000 1.210803077E+00
2711.00000 1.209469938E+00
2712.00000 1.208140113E+00
2713.00000 1.206813611E+00
2714.00000 1.205490441E+00
2715.00000 1.204170614E+00
2716.00000 1.202854138E+00
2717.00000 1.201541023E+00
2718.00000 1.200231278E+00
2719.00000 1.198924913E+00
2720.00000 1.197621938E+00
2721.00000 1.196322361E+00
2722.00000 1.195026193E+00
2723.00000 1.193733442E+00
2724.00000 1.192444119E+00
2725.00000 1.191158232E+00
2726.00000 1.189875792E+00
2727.00000 1.188596807E+00
2728.00000 1.187321287E+00
2729.00000 1.186049242E+00
2730.00000 1.184780681E+00
2731.00000 1.183515613E+00
2732.00000 1.182254048E+00
2733.00000 1.180995996E+00
2734.00000 1.179741466E+00
2735.00000 1.178490467E+00
2736.00000 1.177243009E+00
2737.00000 1.175999101E+00
2738.00000 1.174758753E+00
2739.00000 1.173521975E+00
2740.00000 1.172288775E+00
2741.00000 1.171059163E+00
2742.00000 1.169833149E+00
2743.00000 1.168610742E+00
2744.00000 1.167391952E+00
2745.00000 1.166176788E+00
2746.00000 1.164965260E+00
2747.00000 1.163757376E+00
2748.00000 1.162553147E+00
2749.00000 1.161352582E+00
2750.00000 1.160155690E+00
2751.00000 1.158962481E+00
2752.00000 1.157772964E+00
2753.00000 1.156587149E+00
2754.00000 1.155405045E+00
2755.00000 1.154226662E+00
2756.00000 1.153052009E+00
2757.00000 1.151881095E+00
2758.00000 1.150713931E+00
2759.00000 1.149550525E+00
2760.00000 1.148390886E+00
2761.00000 1.147235025E+00
2762.00000 1.146082951E+00
2763.00000 1.144934672E+00
2764.00000 1.143790200E+00
2765.00000 1.142649542E+00
2766.00000 1.141512708E+00
2767.00000 1.140379709E+00
2768.00000 1.139250553E+00
2769.00000 1.138125249E+00
2770.00000 1.137003807E+00
2771.00000 1.135886237E+00
2772.00000 1.134772548E+00
2773.00000 1.133662748E+00
2774.00000 1.132556849E+00
2775.00000 1.131454858E+00
2776.00000 1.130356786E+00
2777.00000 1.129262642E+00
2778.00000 1.128172435E+00
2779.00000 1.127086174E+00
2780.00000 1.126003869E+00
2781.00000 1.124925530E+00
2782.00000 1.123851165E+00
2783.00000 1.122780784E+00
2784.00000 1.121714396E+00
2785.00000 1.120652011E+00
2786.00000 1.119593638E+00
2787.00000 1.118539286E+00
2788.00000 1.117488965E+00
2789.00000 1.116442684E+00
2790.00000 1.115400452E+00
2791.00000 1.114362279E+00
2792.00000 1.113328173E+00
2793.00000 1.112298145E+00
2794.00000 1.111272203E+00
2795.00000 1.110250357E+00
2796.00000 1.109232617E+00
2797.00000 1.108218990E+00
2798.00000 1.107209487E+00
2799.00000 1.106204117E+00
2800.00000 1.105202889E+00
2801.00000 1.104205813E+00
2802.00000 1.103212897E+00
2803.00000 1.102224151E+00
2804.00000 1.101239584E+00
2805.00000 1.100259205E+00
2806.00000 1.099283024E+00
2807.00000 1.098311050E+00
2808.00000 1.097343291E+00
2809.00000 1.096379758E+00
2810.00000 1.095420459E+00
2811.00000 1.094465404E+00
2812.00000 1.093514601E+00
2813.00000 1.092568060E+00
2814.00000 1.091625790E+00
2815.00000 1.090687800E+00
2816.00000 1.089754100E+00
2817.00000 1.088824697E+00
2818.00000 1.087899603E+00
2819.00000 1.086978825E+00
2820.00000 1.086062373E+00
2821.00000 1.085150255E+00
2822.00000 1.084242482E+00
2823.00000 1.083339062E+00
2824.00000 1.082440004E+00
2825.00000 1.081545316E+00
2826.00000 1.080655010E+00
2827.00000 1.079769092E+00
2828.00000 1.078887573E+00
2829.00000 1.078010461E+00
2830.00000 1.077137765E+00
2831.00000 1.076269495E+00
2832.00000 1.075405659E+00
2833.00000 1.074546266E+00
2834.00000 1.073691326E+00
2835.00000 1.072840847E+00
2836.00000 1.071994838E+00
2837.00000 1.071153308E+00
2838.00000 1.070316267E+00
2839.00000 1.069483722E+00
2840.00000 1.068655683E+00
2841.00000 1.067832160E+00
2842.00000 1.067013160E+00
2843.00000 1.066198692E+00
2844.00000 1.065388766E+00
2845.00000 1.064583391E+00
2846.00000 1.063782574E+00
2847.00000 1.062986326E+00
2848.00000 1.062194655E+00
2849.00000 1.061407569E+00
2850.00000 1.060625077E+00
2851.00000 1.059847189E+00
2852.00000 1.059073913E+00
2853.00000 1.058305258E+00
2854.00000 1.057541233E+00
2855.00000 1.056781845E+00
2856.00000 1.056027105E+00
2857.00000 1.055277020E+00
2858.00000 1.054531600E+00
2859.00000 1.053790853E+00
2860.00000 1.053054788E+00
2861.00000 1.052323413E+00
2862.00000 1.051596738E+00
2863.00000 1.050874770E+00
2864.00000 1.050157519E+00
2865.00000 1.049444992E+00
2866.00000 1.048737199E+00
2867.00000 1.048034149E+00
2868.00000 1.047335849E+00
2869.00000 1.046642309E+00
2870.00000 1.045953536E+00
2871.00000 1.045269540E+00
2872.00000 1.044590328E+00
2873.00000 1.043915910E+00
2874.00000 1.043246294E+00
2875.00000 1.042581489E+00
2876.00000 1.041921502E+00
2877.00000 1.041266342E+00
2878.00000 1.040616018E+00
2879.00000 1.039970539E+00
2880.00000 1.039329911E+00
2881.00000 1.038694145E+00
2882.00000 1.038063248E+00
2883.00000 1.037437228E+00
2884.00000 1.036816094E+00
2885.00000 1.036199855E+00
2886.00000 1.035588518E+00
2887.00000 1.034982092E+00
2888.00000 1.034380585E+00
2889.00000 1.033784006E+00
2890.00000 1.033192362E+00
2891.00000 1.032605661E+00
2892.00000 1.032023913E+00
2893.00000 1.031447126E+00
2894.00000 1.030875306E+00
2895.00000 1.030308463E+00
2896.00000 1.029746605E+00
2897.00000 1.029189740E+00
2898.00000 1.028637875E+00
2899.00000 1.028091020E+00
2900.00000 1.027549181E+00
2901.00000 1.027012368E+00
2902.00000 1.026480588E+00
2903.00000 1.025953849E+00
2904.00000 1.025432159E+00
2905.00000 1.024915527E+00
2906.00000 1.024403959E+00
2907.00000 1.023897465E+00
2908.00000 1.023396052E+00
2909.00000 1.022899727E+00
2910.00000 1.022408500E+00
2911.00000 1.021922377E+00
2912.00000 1.021441367E+00
2913.00000 1.020965477E+00
2914.00000 1.020494715E+00
2915.00000 1.020029089E+00
2916.00000 1.019568607E+00
2917.00000 1.019113276E+00
2918.00000 1.018663105E+00
2919.00000 1.018218100E+00
2920.00000 1.017778271E+00
2921.00000 1.017343623E+00
2922.00000 1.016914166E+00
2923.00000 1.016489906E+00
2924.00000 1.016070852E+00
2925.00000 1.015657010E+00
2926.00000 1.015248389E+00
2927.00000 1.014844996E+00
2928.00000 1.014446838E+00
2929.00000 1.014053923E+00
2930.00000 1.013666259E+00
2931.00000 1.013283853E+00
2932.00000 1.012906713E+00
2933.00000 1.012534845E+00
2934.00000 1.012168258E+00
2935.00000 1.011806958E+00
2936.00000 1.011450954E+00
2937.00000 1.011100252E+00
2938.00000 1.010754859E+00
2939.00000 1.010414784E+00
2940.00000 1.010080033E+00
2941.00000 1.009750614E+00
2942.00000 1.009426533E+00
2943.00000 1.009107798E+00
2944.00000 1.008794417E+00
2945.00000 1.008486396E+00
2946.00000 1.008183743E+00
2947.00000 1.007886465E+00
2948.00000 1.007594568E+00
2949.00000 1.007308060E+00
2950.00000 1.007026948E+00
2951.00000 1.006751239E+00
2952.00000 1.006480940E+00
2953.00000 1.006216058E+00
2954.00000 1.005956599E+00
2955.00000 1.005702572E+00
2956.00000 1.005453982E+00
2957.00000 1.005210837E+00
2958.00000 1.004973144E+00
2959.00000 1.004740909E+00
2960.00000 1.004514139E+00
2961.00000 1.004292841E+00
2962.00000 1.004077022E+00
2963.00000 1.003866689E+00
2964.00000 1.003661847E+00
2965.00000 1.003462505E+00
2966.00000 1.003268668E+00
2967.00000 1.003080344E+00
2968.00000 1.002897538E+00
2969.00000 1.002720258E+00
2970.00000 1.002548510E+00
2971.00000 1.002382300E+00
2972.00000 1.002221636E+00
2973.00000 1.002066523E+00
2974.00000 1.001916968E+00
2975.00000 1.001772978E+00
2976.00000 1.001634558E+00
2977.00000 1.001501716E+00
2978.00000 1.001374458E+00
2979.00000 1.001252790E+00
2980.00000 1.001136718E+00
2981.00000 1.001026249E+00
2982.00000 1.000921388E+00
2983.00000 1.000822143E+00
2984.00000 1.000728519E+00
2985.00000 1.000640523E+00
2986.00000 1.000558160E+00
2987.00000 1.000481437E+00
2988.00000 1.000410360E+00
2989.00000 1.000344935E+00
2990.00000 1.000285168E+00
2991.00000 1.000231066E+00
2992.00000 1.000182633E+00
2993.00000 1.000139876E+00
2994.00000 1.000102801E+00
2995.00000 1.000071414E+00
2996.00000 1.000045720E+00
2997.00000 1.000025726E+00
2998.00000 1.000011438E+00
2999.00000 1.000002860E+00
3000.00000 1.000000000E+00 
